2550108900
2550108900
200108917110892180108900
160108911110896010898110892140108900
150108941108918010895110892130108900
1301089511089140108941108940108941108925010898110891780108900
130108931108950108941108970108921108920108921108940108931108921010895110895010893110891760108900
130108921108940108931108920108921108950108921108940108911108950108921108921010891110892010892110897010892110891750108900
110108931108950108921108950108911108940108921108940108911108950108921108921010895110898010891110891750108900
110108921108970108961108960108961108950108931108920010895110898010891110891750108900
11010892110893001089311089140108935110891600108900
11010893110892901089211089901089251108914010893110891590108900
110108931108980108941108970108921108980108921108980108921108938010893110891590108900
1201089311089100108991108980108931108980108931108938010892110891590108900
1301089411089220108951108990108931108960108931108929010893110891580108900
14010896110891501089611089120108931108960108931108960108941108930108971108910010892110891580108900
1601089221108915010893110896010893110896010894110893010892110893010893110899010892110891580108900
20010891511089180108931108960108913110893010892110895010892110898010892110891580108900
1801089611089801089711089140108931108960108913110893010899110898010892110891580108900
14010891011089901089311089201089311089120108931108960108931108960108941108930108961108911010892110891580108900
11010896110896010891311089401089211089110108931108960108931108960108941108930108921108915010892110891580108900
90108951108911010891011089601089211089100108931108960108931108960108941108930108921108915010892110891580108900
701089511089290108931108990108931108960108931108960108941108930108921108915010892110891580108900
6010893110891010892110893001089311089801089211089160108941108920010893110891570108900
501089211089301089211089300108931108980108971108935010893110891570108900
4010893110893010892110893101089211089801089411089101089311089210108911108910010895110891570108900
40108931108930108921108931010893110891201089311089150108920110891590108900
40108931108930108921108932010893110891101089311089150108917110891620108900
401089311089301089211089320108951108950108971108921010892110891710108900
501089411089101089211089320108911108910108991108920108931108922010896110891670108900
601089611089320108991108940108921108926010896110891640108900
7010892111089701089101108943010894110891630108900
1001089251108990108911108944010893110891630108900
1001089211089301089311089260108911108945010893110891620108900
1001089211089301089311089260108911108946010893110891610108900
160108921108974010893110891600108900
160108921108975010892110891600108900
160108921108975010892110891600108900
160108931108974010892110891600108900
160108979110891600108900
160108978110891610108900
2550108900
6010896110892430108900
4010893110894010893110892410108900
2010892110899010893110892390108900
1010892110891301089211089230108961108924010895110891790108900
1010891110891501089111089230108931108920108921108921010892110894010891110891790108900
10108911108915010891110892501089411089220108911108919010893110891630108900
10108911108915010891110894010892110891301089111089150108921108970108911108950108921108918010892110891010892110891620108900
101089111089100108961108950108921108960108911108950108911108940108971108940108931108950108921108940108921108911010896110892010891110893010891110891620108900
10108911108970108941108930108941108940108921108940108931108930108921108970108911108970108911108910108921108940108911108950108911108911010892110894010891110892010891110893010891110891620108900
101089211089601089111089601089111089201089211089401089211089201089211089101089211089201089111089801089111089701089111089201089311089201089111089501089111089100108921108950108911108920108911108920108900
201089211089110108921108930108911108950108911108910108921108930108941108980108911108960108921108940108911108920108911108950108911108910010891110896010891110892010894110891630108900
3010892110899010892110894010892110894010893110895010892110899010891110896010891110895010894110895010892110894010892110893010892110894010892110892010891110892010893110891610108900
40108911110896010893110893010892110895010892110895010897110894010891110897010892110896010896110895010896110893010891110894010892110891600108900
2550108900
2550108900
2550108900
7010897110892410108900
50108931108950108931108912010898110891501089211089100108910110891820108900
401089211089901089211089100108931108950108921108913010893110898010893110898010891110891820108900
1601089111089901089311089701089211089100108931108910108911108980108911108910010891110891820108900
16010891110899010893110898010892110897010893110893010891110898010891110891930108900
150108921108980108921108911010892110894010893110895010891110898010892110891920108900
1401089211089901089211089120108911108912010891110899010892110891910108900
130108921108911010892110891101089111089120108911108910010899110891830108900
120108921108913010891110891101089111089120108911108918010892110891820108900
10010893110891401089211089901089211089120108911108919010891110891820108900
8010893110891701089111089901089111089130108911108919010891110891820108900
7010892110891901089211089701089211089130108911108919010891110891820108900
5010893110892101089111089501089311089140108911108919010891110891820108900
40108941108921010897110891601089111089100108910110891820108900
701089161108980108921108930010891110891910108900
2550108900
460108912110891970108900
15010894110892601089211089100108931108914010898110891730108900
14010892110892010892110892401089211089130108921108912010892110896010891110891730108900
13010892110894010891110892401089111089150108911108912010891110892010896110891730108900
1201089211089501089211089230108921108927010894110894010891110891730108900
1101089211089701089111089180108911108960108921108932010892110891730108900
1001089211089801089111089100108921108960108911108970108931108928010893110891740108900
100108911108990108911108980108961108940108911108990108941108924010892110891760108900
901089211089901089111089601089211089501089211089201089211089120108921108921010893110891770108900
7010892110891101089111089501089211089701089411089150108921108918010892110891790108900
70108911108912010891110895010891110899010892110891101089711089110108981108911010891110891680108900
501089211089130108911108950108911108990108921108911010892110894010892110898010893110893010892110891010892110899010892110891680108900
501089111089140108911108950108921108980108921108910010892110896010891110898010891110894010892110893010892110897010892110891690108900
50108911108914010891110896010893110894010892110891010893110898010891110897010891110898010896110895010893110892010894110891700108900
501089111089140108911108980108961108940108921108970108921108950108921108921010894110891730108900
501089111089140108911108919010892110897010897110891990108900
2550108900
1201089111089210108914110892070108900
11010892110891101089111089100108911110892090108900
1101089111089120108911108916010892110892120108900
1101089111089110108921108916010892110892120108900
110108921108990108941108915010892110892120108900
120108921108960108931108920108911108915010892110892120108900
130108971108950108921108914010892110892120108900
41010892110892120108900
2550108900
