0000000000111111000000000000000000000000000000000000000000000000000000000000000000000000000000000000
0000000001100001100000000000000000000000000000000000000000000000000000000000000000000000000000000000
0000000001000000111110000000000000000000000000000000000000000000000000000000000000000000000000000000
0000000001111111100000000000000000000000000000000000000000000000000000000000000000000000000000000000
0000000011000000111000000000000000000000000000000000000000000000000000000000000000000000000000000000
0000000110001001001100000000000000000000000000000000000000000000000000000000000000000000000000000000
0000001100000101100100000000000000000000000000000000000000000000000000000000000000000000000000000000
0000001000000000000110000000000000000000000000000000000000000000000000000000000000000000000000000000
0000001000010000000010000000000000000000000000000000000000000000000000000000000000000000000000000000
0000001000011110000001000000000000000000000000000000000000000000000000000000000000000000000000000000
0000001000000011110001000000000000000000000000000000000000000000000000000000000000000000000000000000
0000001100000000000001000010000000000000000000000000000000000000000000000000000000000000000000000000
0000000111100000000011000010000000000000000000000000000000000000000000000000000000000000000000000000
0000000000111111111110000010000000000000000000000000000000000000000000000000000000000000000000000000
0000000000000010000000000010000000000000000000000000000000000000000000000000000000000000000000000000
0000000000000010000000000110000000000000000000000000000000000000000000000000000000000000000000000000
0000000000000001000000000100000000000000000000000000000000000000000000000000000000000000000000000000
0000000001111111111111111000000000000000000000000000000000000000000000000000000000000000000000000000
0000000011000001000000000000000000000000000000000000000000000000000000000000000000000000000000000000
0000000110000001000000000000000000000000000000000000000000000000000000000000000000000000000000000000
0000000100000001000000000000000000000000000000000000000000000000000000000000000000000000000000000000
0000011100000001000000000000000000000000000000000000000000000000000000000000000000000000000000000000
0000110000000001000000000000000000000000000000000000000000000000000000000000000000000000000000000000
0001100000000001000000000000000000000000000000000000000000000000000000000000000000000000000000000000
0000000000000011100000000000000000000000000000000000000000000000000000000000000000000000000000000000
0000000000000110110000000000000000000000000000000000000000000000000000000000000000000000000000000000
0000000000000100010000000000000000000000000000000000000000000000000000000000000000000000000000000000
0000000000001100011000000000000000000000000000000000000000000000000000000000000000000000000000000000
0000000000011000001100000000000000000000000000000000000000000000000000000000000000000000000000000000
0000000000110000000100000000000000000000000000000000000000000000000000000000000000000000000000000000
0000000001100000000110000000000000000000000000000000000000000000000000000000000000000000000000000000
0000000011000000000001000000000000000000000000000000000000000000000000000000000000000000000000000000
0000000010000000000001000000000000000000000000000000000000000000000000000000000000000000000000000000
0000000000000000000000000000000000000000000000000000000000000000000000000000000000000000000000000000
0000000000000000000000000000000000000000000000000000000000000000000000000000000000000000000000000000
0000000000000000000000000000000000000000000000000000000000000000000000000000000000000000000000000000
0000000000000000000000000000000000000000000000000000000000000000000000000000000000000000000000000000
0000000000000000000000000000000000000000000000000000000000000000000000000000000000000000000000000000
0000000000000000000000000000000000000000000000000000000000000000000000000000000000000000000000000000
0000000000000000000000000000000000000000000000000000000000000000000000000000000000000000000000000000
0000000000000000000000000000000000000000000000000000000000000000000000000000000000000000000000000000
0000000000000000000000000000000000000000000000000000000000000000000000000000000000000000000000000000
0000000000000000000000000000000000000000000000000000000000000000000000000000000000000000000000000000
0000000000000000000000000000000000000000000000000000000000000000000000000000000000000000000000000000
0000000000000000000000000000000000000000000000000000000000000000000000000000000000000000000000000000
0000000000000000000000000000000000000000000000000000000000000000000000000000000000000000000000000000
0000000000000000000000000000000000000000000000000000000000000000000000000000000000000000000000000000
0000000000000000000000000000000000000000000000000000000000000000000000000000000000000000000000000000
0000000000000000000000000000000000000000000000000000000000000000000000000000000000000000000000000000
0000000000000000000000000000000000000000000000000000000000000000000000000000000000000000000000000000
0000000000000000000000000000000000000000000000000000000000000000000000000000000000000000000000000000
0000000000000000000000000000000000000000000000000000000000000000000000000000000000000000000000000000
0000000000000000000000000000000000000000000000000000000000000000000000000000000000000000000000000000
0000000000000000000000000000000000000000000000000000000000000000000000000000000000000000000000000000
0000000000000000000000000000000000000000000000000000000000000000000000000000000000000000000000000000
0000000000000000000000000000000000000000000000000000000000000000000000000000000000000000000000000000
0000000000000000000000000000000000000000000000000000000000000000000000000000000000000000000000000000
0000000000000000000000000000000000000000000000000000000000000000000000000000000000000000000000000000
0000000000000000000000000000000000000000000000000000000000000000000000000000000000000000000000000000
0000000000000000000000000000000000000000000000000000000000000000000000000000000000000000000000000000
0000000000000000000000000000000000000000000000000000000000000000000000000000000000000000000000000000
0000000000000000000000000000000000000000000000000000000000000000000000000000000000000000000000000000
0000000000000000000000000000000000000000000000000000000000000000000000000000000000000000000000000000
0000000000000000000000000000000000000000000000000000000000000000000000000000000000000000000000000000
0000000000000000000000000000000000000000000000000000000000000000000000000000000000000000000000000000
0000000000000000000000000000000000000000000000000000000000000000000000000000000000000000000000000000
0000000000000000000000000000000000000000000000000000000000000000000000000000000000000000000000000000
0000000000000000000000000000000000000000000000000000000000000000000000000000000000000000000000000000
0000000000000000000000000000000000000000000000000000000000000000000000000000000000000000000000000000
0000000000000000000000000000000000000000000000000000000000000000000000000000000000000000000000000000
0000000000000000000000000000000000000000000000000000000000000000000000000000000000000000000000000000
0000000000000000000000000000000000000000000000000000000000000000000000000000000000000000000000000000
0000000000000000000000000000000000000000000000000000000000000000000000000000000000000000000000000000
0000000000000000000000000000000000000000000000000000000000000000000000000000000000000000000000000000
0000000000000000000000000000000000000000000000000000000000000000000000000000000000000000000000000000
0000000000000000000000000000000000000000000000000000000000000000000000000000000000000000000000000000
0000000000000000000000000000000000000000000000000000000000000000000000000000000000000000000000000000
0000000000000000000000000000000000000000000000000000000000000000000000000000000000000000000000000000
0000000000000000000000000000000000000000000000000000000000000000000000000000000000000000000000000000
0000000000000000000000000000000000000000000000000000000000000000000000000000000000000000000000000000
0000000000000000000000000000000000000000000000000000000000000000000000000000000000000000000000000000
0000000000000000000000000000000000000000000000000000000000000000000000000000000000000000000000000000
0000000000000000000000000000000000000000000000000000000000000000000000000000000000000000000000000000
0000000000000000000000000000000000000000000000000000000000000000000000000000000000000000000000000000
0000000000000000000000000000000000000000000000000000000000000000000000000000000000000000000000000000
0000000000000000000000000000000000000000000000000000000000000000000000000000000000000000000000000000
0000000000000000000000000000000000000000000000000000000000000000000000000000000000000000000000000000
0000000000000000000000000000000000000000000000000000000000000000000000000000000000000000000000000000
0000000000000000000000000000000000000000000000000000000000000000000000000000000000000000000000000000
0000000000000000000000000000000000000000000000000000000000000000000000000000000000000000000000000000
0000000000000000000000000000000000000000000000000000000000000000000000000000000000000000000000000000
0000000000000000000000000000000000000000000000000000000000000000000000000000000000000000000000000000
0000000000000000000000000000000000000000000000000000000000000000000000000000000000000000000000000000
0000000000000000000000000000000000000000000000000000000000000000000000000000000000000000000000000000
0000000000000000000000000000000000000000000000000000000000000000000000000000000000000000000000000000
0000000000000000000000000000000000000000000000000000000000000000000000000000000000000000000000000000
0000000000000000000000000000000000000000000000000000000000000000000000000000000000000000000000000000
0000000000000000000000000000000000000000000000000000000000000000000000000000000000000000000000000000
0000000000000000000000000000000000000000000000000000000000000000000000000000000000000000000000000000
0000000000000000000000000000000000000000000000000000000000000000000000000000000000000000000000000000
