100032
100032
100032
100032
240321013266032
2303221329032413262032
23032113213032313260032
23032113215032113260032
23032313214032113259032
24032513212032113258032
8032413216032213211032213257032
703221322032213216032113212032213256032
703211324032213216032113212032113256032
603221325032113220321132603211326032113212032213255032
603211326032113220321132603221325032113213032113255032
603211326032113230321132603221324032113214032113254032
603211326032113230321132703211324032113214032113254032
503221326032113230321132803211323032113214032213253032
503211327032113240321132703221321032113216032113253032
503211327032113240321132803211321032113216032113253032
5032213260321132403221327032313216032213252032
5032213260321132503221327032113218032113252032
5032113270321132603221325032213218032113252032
50321132703221326032813218032113252032
4032213280322132703231322032313215032213252032
40321132100323132303231327032313211032213253032
4032113212032413210322132903241324032413255032
4032113217032113213032613258032
5032113210032713277032
503211324032713283032
603211322032113290032
7032313290032
100032
100032
100032
100032
100032
100032
100032
100032
100032
100032
100032
100032
100032
100032
100032
100032
100032
100032
100032
100032
100032
100032
100032
100032
100032
100032
100032
100032
100032
100032
100032
100032
100032
100032
100032
100032
100032
100032
100032
100032
100032
100032
100032
100032
100032
100032
100032
100032
100032
100032
100032
100032
100032
100032
100032
100032
100032
100032
100032
100032
100032
100032
100032
100032
100032
100032
100032
100032
