0000000000000000000000000000000000000000000000000000000000000000000000000000000000000000000000000000
0000000000000000000000000000000000000000000000000000000000000000000000000000000000000000000000000000
0000000000000000000000000000000000000000000000000000000000000000000000000000000000000000000000000000
0000000000000000000000000000000000000000000000000000000000000000000000000000000000000000000000000000
0000000000000000000000000000000000000000000000000000000000000000000000000000000000000000000000000000
0000000000000000000000000000000000111111111100000000000000000000000000000000000000000000000000000000
0000000000000000000000000000000000100000000110000000000000000000000000000000000000000000000000000000
0000000000000000000000000000000000100000000010000000000000000000000000000000000000000000000000000000
0000000000000000000000000000000000100000000001000000000000000000000000000000000000000000000000000000
0000000000000000000000000111111000100000000001000000011100000000000000000000000000000000000000000000
0000000000000000000001111100001110010000000001100000100110000000000000111111000000000000000000000000
0000000000000000000001000000000011110000000000100000100010000000000001000011000000000000000000000000
0000000000000000000001000000000000111000000000110000110001000000000011000010000000000000000000000000
0000000000000000000001000000000000011000000000010000010001000000000010011110000000000000000000000000
0000000000000000000001000000000000011000000000010000010001000011111111110000000000000000000000000000
0000000000000000000001000000000000001100000000011000010001001110000011000000000000000000000000000000
0000000000000000000001000000000000001100000000001000010001001000000110000000000000000000000000000000
0000000000000000000001000000000000000100000000001000010001001000000100000000000000000000000000000000
0000000000000000000001000000000000000100000000001000010001001000001100000000000000000000000000000000
0000000000000000000001100000000000000100000000001100010001001000001000000000000000000000000000000000
0000000000000000000000100000000000000110000000000100010001001000001000000000000000000000000000000000
0000000000000000000000100000000000000110000000000100010001001000010000000000000000000000000000000000
0000000000000000000000110000000000000011000000000100010001110000010000000011111111100000000000000000
0000000000000000000000010000000000000011000000000100010000110000010000001110000000111000000000000000
0000000000000000000000001000000000000011000000000100010000110000110000111000000000001100000000000000
0000000000000000000000001100000000000001000000001100010000110000100001100000000000000100000000000000
0000000000000000000000000100000000000001000000001000110000010000100011000000000001110110000000000000
0000000000000000000000000010000000000001000000001000100000010000100110000000000001011010000000000000
0000000000000000000000000011000000000001000000011000100000011000101100000000000001001110000000000000
0000000000000000000000000001100000000000000000110000111000011000101000000000000001100111000000000000
0000000000000000000000000000110000000000000001100000001110001100111000000000000000100001000000000000
0000000000000000000000000000001100000000000001000000000010001100110000000000000000100000000000000000
0000000000000000000000000000000010000000000001110000000010001101100000001111111100100000000000000000
0000000000000000000000000000000110000000000000011000000010001101100001110000000111100000000000000000
0000000000000000000000000000000100001111000000001000000011100101100011000000000000000000000000000000
0000000000000000000000000000001100001001110000001100000000110111001110000000000000000000000000000000
0000000000000000000000000000011000001100010000000100000000011111011000000000000000000000000000000000
0000000000000000000000000000010000000111110000111110000111111111110000000000000000000000000000000000
0000000000000000000000000000010000000000000001100110001111101111100000000000000000000000000000000000
0000000000000000000000000000010000000000000001000110001111111011110000000000000000000000000000000000
0000000000000000000000000000010000000000000001000110011111100011110000000000000000000000000000000000
0000000000000000000000000000010000000000000001101110011111000011110000000000000000000000000000000000
0000000000000000000000000000010000000000000000111010011100000011110000000000000000000000000000000000
0000000000000000000000000000010000000000000000000110111100000111100000000000000000000000000000000000
0000000000000000000000000000010000000000000000000100111000000111100000000000000000000000000000000000
0000000000000000000000000000010000000000111111111100111000000111100000000000000000000000000000000000
0000000000000000000000000000011000000000111111101000110000001110100000000000000000000000000000000000
0000000000000000000000000000001100000000000001111001110000001111100000000000000000000000000000000000
0000000000000000000000000000001111100000000001100001110000001111000000000000000000000000000000000000
0000000000000000000000000000011000111100000111000001100000011101000000000000000000000000000000000000
0000000000000000000000000000110000000111111101111111100000011111000000000000000000000000000000000000
0000000000000000000000000001100000000000000000001011100000011110000000000000000000000000000000000000
0000000000000000000000000011000000000000000001111111000000101110000000000000000000000000000000000000
0000000000000000000000000010000000000000000000000011000000111110000000000000000000000000000000000000
0000000000000000000000000110000000000000000000000111000000111100000000000000000000000000000000000000
0000000000000000000000000100000000000000000111111110000001111100000000000000000000000000000000000000
0000000000000000000000001100000000000011111011001110000001111000000000000000000000000000000000000000
0000000000000000000000011000000000000010000001000110000001111000000000000000000000000000000000000000
0000000000000000000000010000000000000000000001000110000011110000000000000000000000000000000000000000
0000000000000000000000110000000000000000000001001100000011110000000000000000000000000000000000000000
0000000000000000000000100000000000000000000001001100000011110000000000000000000000000000000000000000
0000000000000000000001100000000000000000000001001100000011100000000000000000000000000000000000000000
0000000000000000000001000000000000000000000001001000000111100000000000000000000000000000000000000000
0000000000000000000001000000000000000000000011001000000111000000000000000000000000000000000000000000
0000000000000000000001000000000000000000000010001000000111000000000000000000000000000000000000000000
0000000000000000000001000000000000000000000110001000001110000000000000000000000000000000000000000000
0000000000000000000001000000000000000000000100001000001110000000000000000000000000000000000000000000
0000000000000000111111000000000000000000001000011000001110000000000000000000000000000000000000000000
0000000000000000100011000000000000000000011000011000011100000000000000000000000000000000000000000000
0000000000000000100001000000000000000000110000011000011100000000000000000000000000000000000000000000
0000000000000000100001000000000000000111100000011000111000000000000000000000000000000000000000000000
0000000000000000100001000000000000000011111000011000111000000000000000000000000000000000000000000000
0000000000000000110011000000000000000000001100011001110000000000000000000000000000000000000000000000
0000000000000000011111000000000000000000000100011111100000000000000000000000000000000000000000000000
0000000000000000000000110000000000000000000100011111000000000000000000000000000000000000000000000000
0000000000000000000000011100000000000000000100011010000000000000000000000000000000000000000000000000
0000000000000000000000000111111111111111111100001110000000000000000000000000000000000000000000000000
0000000000000000000000000000000000000000000000000000000000000000000000000000000000000000000000000000
0000000000000000000000000000000000000000000000000000000000000000000000000000000000000000000000000000
0000000000000000000000000000000000000000000000000000000000000000000000000000000000000000000000000000
0000000000000000000000000000000000000000000000000000000000000000000000000000000000000000000000000000
0000000000000000000000000000000000000000000000000000000000000000000000000000000000000000000000000000
0000000000000000000000000000000000000000000000000000000000000000000000000000000000000000000000000000
0000000000000000000000000000000000000000000000000000000000000000000000000000000000000000000000000000
0000000000000000000000000000000000000000000000000000000000000000000000000000000000000000000000000000
0000000000000000000000000000000000000000000000000000000000000000000000000000000000000000000000000000
0000000000000000000000000000000000000000000000000000000000000000000000000000000000000000000000000000
0000000000000000000000000000000000000000000000000000000000000000000000000000000000000000000000000000
0000000000000000000000000000000000000000000000000000000000000000000000000000000000000000000000000000
0000000000000000000000000000000000000000000000000000000000000000000000000000000000000000000000010000
0000000000000000000000000000000000000000000000000000000000000000000000000000000000000000000000000000
0000000000000000000000000000000000000000000000000000000000000000000000000000000000000000000000000000
0000000000000000000000000000000000000000000000000000000000000000000000000000000000000000000000000000
0000000000000000000000000000000000000000000000000000000000000000000000000000000000000000000000000000
0000000000000000000000000000000000000000000000000000000000000000000000000000000000000000000000000000
0000000000000000000000000000000000000000000000000000000000000000000000000000000000000000000000000000
0000000000000000000000000000000000000000000000000000000000000000000000000000000000000000000000000000
0000000000000000000000000000000000000000000000000000000000000000000000000000000000000000000000000000
0000000000000000000000000000000000000000000000000000000000000000000000000000000000000000000000000000
0000000000000000000000000000000000000000000000000000000000000000000000000000000000000000000000000000
