101011101010111010101110101011101010111010101110450100000000000000000000000000000000000000000000000000000000000000
101011101010111010101110101011101010111010101110450100000000000000000000000000000000000000000000000000000000000000
101011101010111010101110101011101010111010101110450100000000000000000000000000000000000000000000000000000000000000
101011101010111010101110101011101010111010101110450100000000000000000000000000000000000000000000000000000000000000
101011101010111010101110101011101010111010101110450100000000000000000000000000000000000000000000000000000000000000
101011101010111010101110101011101010111010101110450100000000000000000000000000000000000000000000000000000000000000
101011101010111010101110101011101010111010101110450100000000000000000000000000000000000000000000000000000000000000
101011101010111010101110101011101010111010101110450100000000000000000000000000000000000000000000000000000000000000
101011101010111010101110101011101010111010101110450100000000000000000000000000000000000000000000000000000000000000
101011101010111010101110101011101010111010101110450100000000000000000000000000000000000000000000000000000000000000
101011101010111010101110101011101010111010101110450100000000000000000000000000000000000000000000000000000000000000
101011101010111010101110101011101010111010101110450100000000000000000000000000000000000000000000000000000000000000
570100000000000000000000000000000000000000000000000000000000000000000000000000000000000000000000000000
570100000000000000000000000000000000000000000000000000000000000000000000000000000000000000000000000000
570100000000000000000000000000000000000000000000000000000000000000000000000000000000000000000000000000
570100000000000000000000000000000000000000000000000000000000000000000000000000000000000000000000000000
570100000000000000000000000000000000000000000000000000000000000000000000000000000000000000000000000000
570100000000000000000000000000000000000000000000000000000000000000000000000000000000000000000000000000
570100000000000000000000000000000000000000000000000000000000000000000000000000000000000000000000000000
570100000000000000000000000000000000000000000000000000000000000000000000000000000000000000000000000000
570100000000000000000000000000000000000000000000000000000000000000000000000000000000000000000000000000
570100000000000000000000000000000000000000000000000000000000000000000000000000000000000000000000000000
570100000000000000000000000000000000000000000000000000000000000000000000000000000000000000000000000000
570100000000000000000000000000000000000000000000000000000000000000000000000000000000000000000000000000
570100000000000000000000000000000000000000000000000000000000000000000000000000000000000000000000000000
570100000000000000000000000000000000000000000000000000000000000000000000000000000000000000000000000000
570100000000000000000000000000000000000000000000000000000000000000000000000000000000000000000000000000
570100000000000000000000000000000000000000000000000000000000000000000000000000000000000000000000000000
570100000000000000000000000000000000000000000000000000000000000000000000000000000000000000000000000000
570100000000000000000000000000000000000000000000000000000000000000000000000000000000000000000000000000
570100000000000000000000000000000000000000000000000000000000000000000000000000000000000000000000000000
570100000000000000000000000000000000000000000000000000000000000000000000000000000000000000000000000000
570100000000000000000000000000000000000000000000000000000000000000000000000000000000000000000000000000
570100000000000000000000000000000000000000000000000000000000000000000000000000000000000000000000000000
570100000000000000000000000000000000000000000000000000000000000000000000000000000000000000000000000000
570100000000000000000000000000000000000000000000000000000000000000000000000000000000000000000000000000
570100000000000000000000000000000000000000000000000000000000000000000000000000000000000000000000000000
