1060100000000000000000000000000000000000000000000000000000000000000000000000000000000000000000000000000
1060100000000000000000000000000000000000000000000000000000000000000000000000000000000000000000000000000
790104110230100000000000000000000000000000000000000000000000000000000000000000000000000000000000000000000
760108110220100000000000000000000000000000000000000000000000000000000000000000000000000000000000000000000
140105110460104110701011102010111020103110210100000000000000000000000000000000000000000000000000000000000000000000
1301021103010311042010311020102110601011102010111020104110200100000000000000000000000000000000000000000000000000000000
1101031106010211041010111050101110601011102010411020102110190100000000000000000000000000000000000000000000000000000000
100102110100102110380102110120101110201011101010111040101110190100000000000000000000000000000000000000000000000000000000
90102110120102110370101110130101110201011101010311020101110190100000000000000000000000000000000000000000000000000000000
801021101401011103701011101301021105010111020101110190100000000000000000000000000000000000000000000000000000000000000
8010111015010211035010211014010411040102110190100000000000000000000000000000000000000000000000000000000000000000000
70102110160101110350101110180106110200100000000000000000000000000000000000000000000000000000000000000000000000000
70101110170102110340101110440100000000000000000000000000000000000000000000000000000000000000000000000000000000
70101110180101110340101110440100000000000000000000000000000000000000000000000000000000000000000000000000000000
70101110180102110330101110440100000000000000000000000000000000000000000000000000000000000000000000000000000000
70101110190101110200101110120101110440100000000000000000000000000000000000000000000000000000000000000000000000000
70101110190101110190103110110101110440100000000000000000000000000000000000000000000000000000000000000000000000000
70101110190101110200102110110101110200104110200100000000000000000000000000000000000000000000000000000000000000000000
7010111019010111020010211011010111020010211010102110190100000000000000000000000000000000000000000000000000000000000000
70101110190101110150101110401021101101011101201021106010211020101110190100000000000000000000000000000000000000000000000000
70101110190101110150102110201021101201011101201031105010211020101110190100000000000000000000000000000000000000000000000000
70101110190101110160101110160101110110101110201021104010211020101110190100000000000000000000000000000000000000000000000000
701011101901011107010111080101110801011102010211030101110100102110301021103010211020101110190100000000000000000000000000000000
7010111013010911050101110801021102010211030101110101011101010211020101110100101110501011103010111030101110190100000000000000000000
701011101101021106010111010102110401011109010111030101110301031102010111020101110100101110501011103010111010103110190100000000000000
8010111010010111070101110201011104010211080101110301011103010211030101110201011101001011105010111030104110200100000000000000000000
8010111018010111020101110501011108010111030101110301021103010111020101110100101110501011103010111020102110190100000000000000000000
9010111017010111020101110501011108010111030101110301021103010111020101110100101110401021103010111030101110190100000000000000000000
901011101601021102010111050102110301011103010111030101110301011104010111020101110100101110301021104010111030101110190100000000000000
1001011101501011103010111060101110201031102010111030101110801011102010111060101110301041106010111030101110190100000000000000000000
1001021101401011103010111060104110101041101501021103010311013010111030102110180100000000000000000000000000000000000000000000
110101110130101110401011103010211070102110180104110190102110180100000000000000000000000000000000000000000000000000000000
11010151104010111020102110710100000000000000000000000000000000000000000000000000000000000000000000000000000000
300104110720100000000000000000000000000000000000000000000000000000000000000000000000000000000000000000000
1060100000000000000000000000000000000000000000000000000000000000000000000000000000000000000000000000000
1060100000000000000000000000000000000000000000000000000000000000000000000000000000000000000000000000000
470106110530100000000000000000000000000000000000000000000000000000000000000000000000000000000000000000000
160106110250101110580100000000000000000000000000000000000000000000000000000000000000000000000000000000000000
1601021103010111019010111050101110580100000000000000000000000000000000000000000000000000000000000000000000000000
1701021102010111020010111040105110540100000000000000000000000000000000000000000000000000000000000000000000000000
20010211080104110801011108010211070107110390100000000000000000000000000000000000000000000000000000000000000000000
190102110901011102010211070101110901011107010211040101110120103110240100000000000000000000000000000000000000000000000000
1901011101001011103010211060101110901011101301011104010411030104110240100000000000000000000000000000000000000000000000000
180102110100101110401021105010111080102110120102110301021102010211020104110240100000000000000000000000000000000000000000000
150104110110101110501011105010111050104110100103110501011104010111050102110230100000000000000000000000000000000000000000000
150105110100102110401011105010111050102110120102110601031102010111040103110230100000000000000000000000000000000000000000000
1901021102010211060106110260105110401041102010311010101110230100000000000000000000000000000000000000000000000000000000
21010311054010111030101110230100000000000000000000000000000000000000000000000000000000000000000000000000000000
78010111030101110230100000000000000000000000000000000000000000000000000000000000000000000000000000000000000
780105110230100000000000000000000000000000000000000000000000000000000000000000000000000000000000000000000
1060100000000000000000000000000000000000000000000000000000000000000000000000000000000000000000000000000
1060100000000000000000000000000000000000000000000000000000000000000000000000000000000000000000000000000
1060100000000000000000000000000000000000000000000000000000000000000000000000000000000000000000000000000
1060100000000000000000000000000000000000000000000000000000000000000000000000000000000000000000000000000
1060100000000000000000000000000000000000000000000000000000000000000000000000000000000000000000000000000
1060100000000000000000000000000000000000000000000000000000000000000000000000000000000000000000000000000
1060100000000000000000000000000000000000000000000000000000000000000000000000000000000000000000000000000











































