0000000000000000000000000000000000000000000000000000000000000000000000000000000000000000000000000000
0000000000000000000000000000000000000000000000000000000000000000000000000000000000000000000000000000
0000000000000000000000000000000000000000000000000000000000000000000000000000000111100000000000000000
0000000000000000000000000000000000000000000000000000000000000000000000000000111111110000000000000000
0000000000000011111000000000000000000000000000000000000000000000011110000000100100111000000000000000
0000000000000110001110000000000000000000000000000000000000000001110011000000100100111100000000000000
0000000000011100000011000000000000000000000000000000000000000001000001000000100111100110000000000000
0000000000110000000000110000000000000000000000000000000000000011000000000000100101000010000000000000
0000000001100000000000011000000000000000000000000000000000000010000000000000100101110010000000000000
0000000011000000000000001000000000000000000000000000000000000010000000000000110000010010000000000000
0000000010000000000000001100000000000000000000000000000000000110000000000000011110000110000000000000
0000000110000000000000000100000000000000000000000000000000000100000000000000000011111100000000000000
0000000100000000000000000110000000000000000000000000000000000100000000000000000000000000000000000000
0000000100000000000000000010000000000000000000000000000000000100000000000000000000000000000000000000
0000000100000000000000000011000000000000000000000000000000000100000000000000000000000000000000000000
0000000100000000000000000001000000000000000000001000000000000100000000000000000000000000000000000000
0000000100000000000000000001000000000000000000011100000000000100000000000000000000000000000000000000
0000000100000000000000000001000000000000000000001100000000000100000000000000000000111100000000000000
0000000100000000000000000001000000000000000000001100000000000100000000000000000000110110000000000000
0000000100000000000000000001000000000000000100001100000000000100000000000011000000110010000000000000
0000000100000000000000000001000000000000000110011000000000000100000000000011100000110010000000000000
0000000100000000000000000001000000000000000010000000000000000100000000000100110000110010000000000000
0000000100000000000000000001000000010000000010000000010011000100000000001100011000110010000000000000
0000000100000000000001111111110000010000000011001100010101100100000000001000001000100010000000000000
0000000100000000000110000001011000010000000001000100011100100100000000001000001000101110000000000000
0000000010000000000100000001001000011000000001000100011000100100000000001000001000111100000000000000
0000000010000000000000000001001000001000000001000100011000100100000000001000001000100110000000000000
0000000001000000000000000001001000001000000001000100011000100100000000001000011000100010000000000000
0000000001000000000000000011001000001100010001000100010000100100000000001000110000100010000000000000
0000000000100000000000000010001000000100111001000100000000100100000010001111000000100010000000000000
0000000000110000000000000010001000000111101111000000000000000110001110000000000000100011000000000000
0000000000010000000000000100001000110000000110000000000000000001111000000000000000000011000000000000
0000000000011111111111111100001001100000000000000000000000000000000000000000000000000000000000000000
0000000000000000000000000000001111000000000000000000000000000000000000000000000000000000000000000000
0000000000000000000000000000000000000000000000000000000000000000000000000000000000000000000000000000
0000000000000000000000000000000000000000000000000000000000000000000000000000000000000000000000000000
0000000000000000000000000000000000000000000000011111100000000000000000000000000000000000000000000000
0000000000000000111111000000000000000000000000010000000000000000000000000000000000000000000000000000
0000000000000000110001000000000000000000010000010000000000000000000000000000000000000000000000000000
0000000000000000011001000000000000000000001000011111000000000000000000000000000000000000000000000000
0000000000000000000011000000001111000000001000000001100000001111111000000000000000000000000000000000
0000000000000000000110000000001001100000001000000000100000001100001000000000000111000000000000000000
0000000000000000000100000000001000110000001000000000100000000000001000011110001111000000000000000000
0000000000000000001100000000001000011000001000000001100000000000011000110011001111000000000000000000
0000000000000001111000000000001000001000001000001111000000000011100000100001000001100000000000000000
0000000000000001111100000000001100001000001000001100000000000011000000111001000011100000000000000000
0000000000000000000110011000000111111000000000000000000000000001111100001111001110100000000000000000
0000000000000000000001110000000000000000000000000000000000000000000000000000001000100000000000000000
0000000000000000000000000000000000000000000000000000000000000000000000000000001000100000000000000000
0000000000000000000000000000000000000000000000000000000000000000000000000000001111100000000000000000
0000000000000000000000000000000000000000000000000000000000000000000000000000000000000000000000000000
0000000000000000000000000000000000000000000000000000000000000000000000000000000000000000000000000000
0000000000000000000000000000000000000000000000000000000000000000000000000000000000000000000000000000
0000000000000000000000000000000000000000000000000000000000000000000000000000000000000000000000000000
0000000000000000000000000000000000000000000000000000000000000000000000000000000000000000000000000000
0000000000000000000000000000000000000000000000000000000000000000000000000000000000000000000000000000
0000000000000000000000000000000000000000000000000000000000000000000000000000000000000000000000000000
0000000000000000000000000000000000000000000000000000000000000000000000000000000000000000000000000000
0000000000000000000000000000000000000000000000000000000000000000000000000000000000000000000000000000
0000000000000000000000000000000000000000000000000000000000000000000000000000000000000000000000000000
0000000000000000000000000000000000000000000000000000000000000000000000000000000000000000000000000000
0000000000000000000000000000000000000000000000000000000000000000000000000000000000000000000000000000
0000000000000000000000000000000000000000000000000000000000000000000000000000000000000000000000000000
0000000000000000000000000000000000000000000000000000000000000000000000000000000000000000000000000000
0000000000000000000000000000000000000000000000000000000000000000000000000000000000000000000000000000
0000000000000000000000000000000000000000000000000000000000000000000000000000000000000000000000000000
0000000000000000000000000000000000000000000000000000000000000000000000000000000000000000000000000000
0000000000000000000000000000000000000000000000000000000000000000000000000000000000000000000000000000
0000000000000000000000000000000000000000000000000000000000000000000000000000000000000000000000000000
0000000000000000000000000000000000000000000000000000000000000000000000000000000000000000000000000000
0000000000000000000000000000000000000000000000000000000000000000000000000000000000000000000000000000
0000000000000000000000000000000000000000000000000000000000000000000000000000000000000000000000000000
0000000000000000000000000000000000000000000000000000000000000000000000000000000000000000000000000000
0000000000000000000000000000000000000000000000000000000000000000000000000000000000000000000000000000
0000000000000000000000000000000000000000000000000000000000000000000000000000000000000000000000000000
0000000000000000000000000000000000000000000000000000000000000000000000000000000000000000000000000000
0000000000000000000000000000000000000000000000000000000000000000000000000000000000000000000000000000
0000000000000000000000000000000000000000000000000000000000000000000000000000000000000000000000000000
0000000000000000000000000000000000000000000000000000000000000000000000000000000000000000000000000000
0000000000000000000000000000000000000000000000000000000000000000000000000000000000000000000000000000
0000000000000000000000000000000000000000000000000000000000000000000000000000000000000000000000000000
0000000000000000000000000000000000000000000000000000000000000000000000000000000000000000000000000000
0000000000000000000000000000000000000000000000000000000000000000000000000000000000000000000000000000
0000000000000000000000000000000000000000000000000000000000000000000000000000000000000000000000000000
0000000000000000000000000000000000000000000000000000000000000000000000000000000000000000000000000000
0000000000000000000000000000000000000000000000000000000000000000000000000000000000000000000000000000
0000000000000000000000000000000000000000000000000000000000000000000000000000000000000000000000000000
0000000000000000000000000000000000000000000000000000000000000000000000000000000000000000000000000000
0000000000000000000000000000000000000000000000000000000000000000000000000000000000000000000000000000
0000000000000000000000000000000000000000000000000000000000000000000000000000000000000000000000000000
0000000000000000000000000000000000000000000000000000000000000000000000000000000000000000000000000000
0000000000000000000000000000000000000000000000000000000000000000000000000000000000000000000000000000
0000000000000000000000000000000000000000000000000000000000000000000000000000000000000000000000000000
0000000000000000000000000000000000000000000000000000000000000000000000000000000000000000000000000000
0000000000000000000000000000000000000000000000000000000000000000000000000000000000000000000000000000
0000000000000000000000000000000000000000000000000000000000000000000000000000000000000000000000000000
0000000000000000000000000000000000000000000000000000000000000000000000000000000000000000000000000000
0000000000000000000000000000000000000000000000000000000000000000000000000000000000000000000000000000
0000000000000000000000000000000000000000000000000000000000000000000000000000000000000000000000000000
0000000000000000000000000000000000000000000000000000000000000000000000000000000000000000000000000000
