110000101100101000011110001000110101010110001001100011001111110111100101011011011000111001110001100001000000100101000100010001001100011100101001010100
011110010000011100100101101011111101100000011110110001101011000111001001001111010100110011011110001010010001100010010011000101000000100110111010110001
100110011101100000001100010011100010011101001010100011010011011000101101010101110111110010000111010000111111000000110100000111111101111010000011111111
101101111110000101111100110000100001010101000011110111011000001101011000010100110100000100100001000011110000010000010101000010011001010111011110001111
010100111100001010011110001011100011111100010010000101110011101001111011000000111011101110110100101011110111110110101101001110100100010101111000110011
011110000001110111010000000101111011011110111011000110101101100010100010011100010011101000010011111010101101011001111101001110111001001111110111111001
110101100010000011110101010101000100011010001110011100100011110010000010111001000000011000111111011011111100111101100011010000011111110100100001010000
111010011100100100001110110001110101001000000101101101011000101100100100001111010110011100111111001000000001110110101011001000000110101110110001011101
110001100011100011011000110110111000101111100010000011000100100110011010101111111000011111001111101010010100100000010111010111111011001011110100101110
001010100101101010000101001101111011011001001011111001100101111100100000111011010010100101100011001001011100010001100010110000101001010101101001100011
100111011000110100001010101111001000101011011110100100101111111111001111110100001110101111001100001001111011101011101100000000110011111011000101101001
000001011101100000101111001001011111001011000101000101001110110000100010011101000001011000110011100010001000100101101010010101010100001001000010100111
101010001101011111110100011001100001101100100101011001100001001101000101100001001000101010000001110010011010011101111100000101010010010100111001111010
100001000010111010001111100000001000110000101101001101100000111001101000100011001111100010101111100101011111001100000010110000111011110101110100111001
001110110111101101111010011110000110111000001000100000001010110011110101000101000010111010100010000110010011111010111100011110111111000011011101001000
110010011011101101110010110101101101100100000010011000000100010110111001000000100011100101011101010101101101111010001011111100100011001010100000110000
101101111110001111100011000110011000001010101000101111000110000010100110111000111000100010100101100010100111100101011001011101101010001110000101011111
111001011111100010010100000101001101000111100001011101001011010010101101011010110010001111001101000000111110100001110101000000000010011001011101011101
101011100111101010011100111101100001000111001000111101001000100110110011101001110101010011110011010000111010010111011010101001110011000101000100011010
001011100000011111000101101101111100110101000010101100000110011111000010001010110100101100101100010101100100001011011110000100000111110101011101000001
111011011111100111010010110101011111100111100011010111011011001100001101111010100000100010011010101101001001011011100000010100111111001100100001001010
011000111110001100111000001011100111110110011011100011111101000010110001000001011101100001101101110001000111100001100111101111001010000010011000101111
010111010100010101010001010101000100100011001110111001010110110111100100010010110000010100000000111011011110000000010010010011110111010100110010011111
001001110101010000010100101011100110010101101001100110111011100011001100101100011110100000001101100001100111100100111001101101101111011011101000111101
110100101100000001110001010001011011110110110010001000010000110011101111100001110100110011000011100011110101000001010000100011100110110111100010010101
010010101000101001111111100000010111010011110111110101111011001011010001000011101010011001100000000111010000100000011110001001011011101100000101000100
001001010001001100110111010100011001010010010011011111010101010010111010100011110110111000110110010000010000011111011011111101101100000001010100011111
110000111001001111111010011101011000010001011000001110110010010110001110001111001010010111110101100010001010000111110111010111001110110111001011101001
110110110100101111100000000101001000010011000101000000100110001001001000011101110010010110000010100110111000001101010100011100001100100100000101111111
000000100010001011111010000100110100111011001010011100101111000110010101110100011011110100110000101100001100010110000010100101111110100011110001110001
010110101000000011101101100110111100110010101100000011001011100100101011001010010010011001011001001111010000110000010011011001101101001001111011111001
010001101100010100010000000101110000010100001011011111010111001000010110101110110011000101100111110001101000011110011001000000110111010100011101101100
110010011011011111011111000001010011110110000001101010011110101101000101111111011000011000001001011010010110110111000101101110110100001010100000101101
101101011110001100100100010001101011011111101000011101010101011111100001000111100011011000101100010000101010000101010001001101101010100010101101010011
101101101110001110110101010110011110010111110100100000101101110011111101101100001001100001001110011011001010000100100110100001111001100101101011110011
101101100001001100001001111100000101110000111001111000100100111111001100111100010010110011000010001011011100001011101001001010011011110100100011111001
111110110001011001001001001011111110000000111101111011010011111100100001100111101100100110101100000110010001111001010010000110001111110110010100011000
111000000001000101011111111101010000010101111111000110101001010010010001011100110110100011101110011010111011011000010100010000000101000110110111011001
101110010111101100111101110110110111001001011011111000011010101111001111000011001110011111001001100000100111011110110010011101101110011010001100110000
000000011101010100111011011100001001011011011011010110010110000011111111010011010000100011100010111000001110010011010101010010000110101010011001000101
001011011010000011100100001000001010111011001111001101100000101010011101111000110101000101010001010101000100100011100011101011111011101010101001101100
011100111001101100010111001010110000001010010000100110011110000101011100010111101101111101010001101101000011001110100011010101101011111011111101001110
100100010001100000011001010010100110100010001000001001110101010011101000100111011100100111011111100011010011101111101001110010111100011000001100000111
110100110001111100101110010011000101001001000001101000100110010101000101011110100011010010101101001100000001111111010001010110101001100100100110011011
010010101111011001010000011110000010000100010001001111100111101100011001010001001111011110001111011110110100100111001110111000101011000000000010000011
110010011111100111011000011011110010001001110111101001001111110100101101011000001000111011001011111000011111000010000010110101111010111010010000100011
111011111011101010010001110010110110000110011000100010001010001110100101011000011010010011000011011110111100001100011001010000111111111011000011101010
000001000011010100110010011011010110010100011111010001101111111011000110111000101111000110101110100001101011010101011100001001111011100011110100101100
101110101001111000001011100011001001100111111111110111000110010111100011010000111000010110100101001011101111000000011101000000001010011001000010111110
111101011010011001000111010010111010010010101010100100110000111001001010000110111011010010010110001001101010101110100000001111000111000101011011101110
100001101000000111011001011000110001000011111101100101100101011100111111010100100010011000101000000001100110101110101111000001111100010110010011110100
010100000011110001011011011001010110011111100100011010011110111001000111110011010100101101110011001101010000000001000101101000011000101010000001001110
100010000011110111011110000000000110000110111100111010101111001100001000100110001010011101010111111000010110100001110000000100100000010110101010110000
101101110000000110000111010010000101001110100001100111010011101001111110111000101100010111000011110010000101100111100011010111001110010010011110010001
110110011101011010001011110110001100100000100011101101001110100011010000011001101101010001011111100010111110100110001001100000010111111111001111010011
110000011110101110111101001111110000100110110110100110011000101111001110111101111101111000100011000011100010000101001100111110000100101100011011101011
100111011110111100010000000110110001110011110011010111101101001000100101010110111011101100011000100000001100111111011111100100100000101111010001001010
101110000011111100010101100010001100100010011010000011011100010011111111011100100010111010010000010000000011111000101111011111101001100010001111011110
000101111110010010110110011010110000101001111111100010011110101101110110000110101011011101101111100011010100010101010011110101111011000100111001000111
010101110110001010001001111011011110001001100100011101111101010000001110010011100100001000110011010101010001011001111111011000110010010101001110101011
101101110001000010000101100100010000000011010000011110110010100111110100010010011010110100010011011011111000000111101000001101010001110011010001000011
001011001001101010101111100110101101101010010111100011011000000100110000011111111011010110110010101100100011010111110010101100001001010000010011101001
111001011011111100011010001101111000001110101111011111100001001101001101101111111101100100011110001000100110000001101111011000101111001100111000000110
000100110100101100010011110111001101110100011111001001001001111001010001010011011000000101101111001110111101010100011011010011100001101011101110111000
010110111010000100110100110101011011100101111100000001110001011111010000010101101101011101110011111001001010010001001010110001110111000000111100000101
011110010000111001101101101111011000110100010111000100001110011100000101111101001010101110001111010111000100110100101100111101010001001010100101000001
101101110001110100001101101010000001010101010110001101100110000001101101011110100101011100100001000011111110110001001001101010111101011100101110010010
100100111111111101101100101000110011011010010110101011000111001011111000101011110010000001110000000110101100001101011100010000010111110101101100101111
001111010011110001000011001110110110000110010001100001010000011111001110000111100001011101101011010010101101010110011111110110101001101010110100000011
100010110001110100101011001010001010110111001111010110101100010000011110100010011010111100011000110100011000110100100100110011101100100000000111011000
000000000010000011000011001001011110001001101000000011101010111111001010101000011000111111111100011000011010000010101100001001011001101000011001011110
111101010110101101101111100111101110011010001100011011001101011000011110001101100001111010001101010111001011110110110010011111111110011001110110100001
011101011101001101001001110110000011000110101001111100100111110011001101001111101101010000001010110001010010101100010011100111101000101111000110000001
000000000001001101000001110011010001110111101101001111001010110001111001101000101010101110110110011011000001001011001100100010001000100001001010111001
001010100111110110011011000111001111100111100000110011101101101110000110001111010001101010000100100001111100011100001101000100011111111101111001110010
001000010110011011000010001011111001100001100101010111001000101011010101010100010110000011110101110001010010111111001000011110100100001110100010011001
010011111101111001101001101110011010011100010001101111010110110100010101101111100111011001110011011100001110101111011100110010110111010111001101000111
010110110000110111000110100110111111000000100011111101101010100100011110111000111110111010010110001100100011000100101010010010110100011100110011001111
011110011100111000010111010010000111000110011110110000010111011110111111100111110111110011110111100001110101111101001010011010101110001111110011011001
000101101000001110101101011100011110110001001000010101111110100011011111101110100100011101111010001101000101111110101110111101100100110101111001010101
100100001100000101101011101000111110111111110011010110010001111001000101010101001001101001011001011110100000011000110101000100110110100011100010011111
101101001000010101111001000110000100110111000001000110011111100111011111010001010101000101000100111110010001110101111111110001101100100000111100101001
111110011011001111100110100010001111001011001011100111100010101111011111000001101110110100011011001010101101000101011011000001101110010000101111110000
100001110101000010101001100000001011111011110111001111010110010110011001001001101111100011101000010110110010010111011101110111010101011001010011010010
101011000100100010101000000110110111101111101110010000001111100011010011111011110010110001100001010000010000101101110111011010011101010011110110011100
011111101010010010010101011101001000111111111110011100010100001110011000001001010110101110110110010110001001010000110010010000100111111000000010100111
011010110111000000010000000110110110001110000011111101110001010110101001000001110011101001100000111001011101100100101111000100101101011001100100010101
111101100100111001010010110100001000101111010000010111011110100101101010010000101101111001101110010100101110101101011101010100001001111111000011101101
010110110000010100000101111100111001110111001111001010000110010010011010111100101101100111110001101001010110100111110111000011110001110000101101111000
100001111001100010110110011111100011110001110101110101010111010111111011111100001100111000010000011011000101100000101001101111100101011110111001001010
010100110101000101101110011111101010011001111111110110010001000101100000000100010100000100010101110100010001111110101001111101101000100111100011000110
000011000000100001001011000000100000110000000111110111011111000110100000011111100100111101101111100110011111011101011011010101110100110111111011001010
111000100011000101000111000100100010100010001110111001101010011010110000001001010100001110101000101011100101001000000101001010101000100100101001000110
000000001011011110101100010111110011110001111110000011000000001110011000001010011111101000001001011101001011011011000010011000010111000010100011000010
111010101100000111110000001101001011011001000000011111101100111010100000101100111110110011101011011010101111100101000101101101010011101101101010011111
110100000001001100101111010010110000100110111010000111100111001110000001111101010011101111111001100111110111111111010101001100111010101101001001110100
110000101001000101100001001101111001010101010110100000101101111100111000010010110101111110011100000001110110010010111000011101000001110001001000001000
000000100000101000111111111101001110100111100000111110011101110010000011100101111011011110101000001100001001011101011100000001110010010101100101000101
101000101100010010001010100001001011111000100111010010011010000111010101101111100111011110010010101110001000101110101101101111101101011001100010000000
100000111000101111000010100100010110011010011010100001011101001111001000001011001000100000000100101000110100010010101010110001001101100001011011110010
