0000000000000000000000000000000000000000000000000000000000000000000000000000000000000000000000000000
0000000000000000000000000000000000000000000000000000000000000000000000000000000000000000000000000000
0000000000000000000000000000000000000000000000000000000000000000000000000000000000000000000000000000
0000000000000000000000000000000000000000000000000000000000000000000000000000000000000000000000000000
0000000000000000000000000000000000000000000000000000000000000000000000000000000000000000000000000000
0000000000000000000000000000000000000000000000000000000000000000000000000000000000000000000000000000
0000000000000000000000000000000000000000000000000000000000000000000000000000000000000110000000000000
0000000000000000000000000000000000000000000000000000000000000000000000000000000000011100000000000000
0000000000000000000000000000000000000000000000000000000000000000000000000000000001110000000000000000
0000000000000000000000000000000000000000000000000000000000000000000000000000000111000000000000000000
0000000000000000000000000000000000000000000000000000000000000000000000000000011110000000000000000000
0000000000000000000000000000000000000000000000000000000000000000000000000011111100000000000000000000
0000000000000000000000000000000000000000000000000000000000000000111111111111111000000000000000000000
0000000000000000000000000000000000000000000000000000000000000011100000000001110000000000000000000000
0000000000000000000000000000000000000000000000000000000000011110000000000001100000000000000000000000
0000000000000000000000000000000000000000000000000000000000110000000000000001000000000000000000000000
0000000000000000000000000000000000000000000000000000000011100000000000000001000000000000000000000000
0000000000000000000000000000000000000000000000000000000110000000000000000001000000000000000000000000
0000000000000000000000000000000000000000000000000000011000000000000000000001000000000000000000000000
0000000000000000000000000000000000000000000000000000110000000000000000000001000000000000000000000000
0000000000000000000000000000000000000000000000000011100000000000000000000001000000000000000000000000
0000000000000000000000000000000000000000000000000110000011110000000000000001000000000000000000000000
0000000000000000000000000000000000000000000000011100000111011100000000000001000000000000000000000000
0000000000000000000000000000000000000000000000110000001111000100000000000011000000000000000000000000
0000000000000000000000000000000000000000000001100000001111000110000000000010000000000000000000000000
0000000000000000000000000000000000000000000010000000001110000010000000000110000000000000000000000000
0000000000000000000000000000000000000000000110000000001110000010000000000100000000000000000000000000
0000000000000000000000000000000000000000001100000000001100000010000000001000000000000000000000000000
0000000000000000000000000000000000000000111000000000001100000010000000011000000000000000000000000000
0000000000000000000000000000000000000001100000000000001000000010000001110000000000000000000000000000
0000000000000000000000000000000000000011000000000000001100001110000011000000000000000000000000000000
0000000000000000000000000000000000000110000000000000000111111000001110000000000000000000000000000000
0000000000000000000000000000000000011100000000000000000000000000011000000000000000000000000000000000
0000000000000000000000000000000000110000000000000000000000000001110000000000000000000000000000000000
0000000000000000000000000000000111100000000000000000000000000011000000000000000000000000000000000000
0000000000000000000000000000111100000000000000000000000000000110000000000000000000000000000000000000
0000000000000011111111111111100000000000000000000000000000011100000000000000000000000000001111111100
0000000000111110000000000000000000000000000000000000000000110000000000000000000000000011111111111100
0000000001100000000000000000000000000000000000000000000111100000000000000000000000111111111111111100
0000000001000000000000000000000000000000000000000000001100000000000000000000000011111111111111111100
0000000011000000000000000000000000000000000000000000111000000000000000000000011111111111111111111100
0000000010000000000000000000000000000000000000000011100000000000000000000001111111111111111111111100
0000000010000000000000000000000000000000000000001110000000000000000000001111111111111111111111111100
0000000110000000000000000000000000000000000000111000000000000000000000111111101111111111111111111100
0000000100000000000000000000001000000000000001100000000000000000000001111100001111111111111111111100
0000000100000000000000000000111000000000000011000000000000000000000111100000001111111111111111111100
0000000100000000000000000011100000000000000110000000000000000000011111110000000111111111111111111100
0000001100000000000000001110000000000000001100000000000000000000111111100000000000011111111111111100
0000001000000000000000111000000000000000001000000000000000000011111111000000000000000111111111111100
0000001000000000000001100000000000000000011000000000000000000111111110000000000000000111101111111100
0000001111111111000111000000000000000000010000000000000000001111000000000000000000000000110000000100
0000000000100111111100000000000000000001110000000000000000001000000000111100000000000000000000000100
0000000001000111100000000000000000000001100000000000000000111000000111111100000000000000000000000100
0000000011001110100000000000000000000011000000000000000000110011111111111111000000000000000000000100
0000000010011101100000000000000000000010000000000000000001110111111111111111100000000000000000000100
0000000110111001000000000000000000000110000000000000000011100111111111111111111000000000000000000100
0000000100111101000000000000000000000100000000000000000111000111111111111111111111110000000000000100
0000001101111001000000000000000000001100000000000000000110000011111111111111111111111111100111111100
0000011001010001000000000000000000011000000000000000001110000111111111111111111111111111111111111100
0000010011101101000000000000000000110000000000000000001100000111111111111111111111111111111111111100
0000010111111111000000000000000001110000000000000000011100000011111111111111111111111111111111111100
0000111101000011000000000000000111110000000000000000011000100011111111111111111111111111111111111100
0000110010000010000000000000011100100000000000000000110000110001111111111111111111111111111111111100
0000000111110110000000000001110001100000000000000001110011111100111111111111111111111111111111111100
0000000111111010000000000111000001000000000000000001100011111110111111111111111111111111111111111100
0000000010010011111111111100000011000000000000000001100111111110011111111111111111111111111111111100
0000000100010000001110111100000010000000000000000011001111111110011111111111111111111111111111111100
0000001000111111111101101000000010000000000000000011011111111111011111111111111111111111111111111100
0000011001100000000011001000000110000000000000000011011111111111100000000111111111111111111111111100
0000110111100000010110001000000100000000000000000011011111111111100000000011111111111111111111111100
0001001101011011011100011000011110000000000000000111011111111111110000000001111111111111111111111100
0001110011010111110000010001110000000000000000000110011111111111110000000001111111111111111111111100
0000000010110101100000011110000000000000000000000110011111111111110000000000000000111111111111111100
0000000011111101100000011000000000000000000000001110111111111111110000000000000000011111111111111100
0000000111101001000000000000000000000000000000001101111111111111100000000000000000000111111111111100
0000000000110001000000000000000000000000000000001101111111111111100000000000000000000000111111000100
0000000000100000000000000000000000000000000000001101111111111111100000000000000000000000000000000100
0000000001100000000000000000000000000000000000001101111111111111000000000000000000000000000000000100
0000000001000000000000000000000000000000000000001111111111111110000000000000000000000000000000000100
0000000000000000000000000000000000000000000000001111111111111000000000000000000000000000000000000100
0000000000000000000000000000000000000000000000001101111111100000000000000000000000000000000000000100
0000000000000000000000000000000000000000000000001100000000000000000000000000000000000000000000000000
0000000000000000000000000000000000000000000000000000000000000000000000000000000000000000000000000000
0000000000000000000000000000000000000000000000000000000000000000000000000000000000000000000000000000
0000000000000000000000000000000000000000000000000000000000000000000000000000000000000000000000000000
0000000000000000000000000000000000000000000000000000000000000000000000000000000000000000000000000000
0000000000000000000000000000000000000000000000000000000000000000000000000000000000000000000000000000
0000000000000000000000000000000000000000000000000000000000000000000000000000000000000000000000000000
0000000000000000000000000000000000000000000000000000000000000000000000000000000000000000000000000000
0000000000000000000000000000000000000000000000000000000000000000000000000000000000000000000000000000
0000000000000000000000000000000000000000000000000000000000000000000000000000000000000000000000000000
0000000000000000000000000000000000000000000000000000000000000000000000000000000000000000000000000000
0000000000000000000000000000000000000000000000000000000000000000000000000000000000000000000000000000
0000000000000000000000000000000000000000000000000000000000000000000000000000000000000000000000000000
0000000000000000000000000000000000000000000000000000000000000000000000000000000000000000000000000000
0000000000000000000000000000000000000000000000000000000000000000000000000000000000000000000000000000
0000000000000000000000000000000000000000000000000000000000000000000000000000000000000000000000000000
0000000000000000000000000000000000000000000000000000000000000000000000000000000000000000000000000000
0000000000000000000000000000000000000000000000000000000000000000000000000000000000000000000000000000
0000000000000000000000000000000000000000000000000000000000000000000000000000000000000000000000000000
