2110401011101010211020101110101011104010411030101110301021101010111010101110101011101010211030101110201021103010211020106110101041102010111010101110101021101010211010102110301031102010311030102110401000
1010411020101110501031102010111020101110101021101010111010106110101021106010411010102110301021101010111010102110301031102010111020101110201041101010111010101110201021102010211010104110301011101010111000
1110201021102010311010102110701021103010111020103110301011102010311010101110201011101010111010101110301021101010111020102110101021103010111010102110101011101010111010101110101031101010511020101110401000
1110101021101010611040101110101051102010211040101110401011101010111010101110101011104010411010103110101021105010211010101110101021104010111010101110201021101010111050101110201011104010111040104110501000
1010111010101110201041104010111010101110201041103010111010103110301061103010111020101110401011101010311020103110101011102010411010102110601031101010311010103110101021101010111020101110101011101010411000
1010411060103110101031101010111070101110101041101010211010104110101031101010211030102110101011101010211010102110301011101010111030101110201031103010111020103110101011104010111020105110101011101010111000
2110101011101010211030101110501041101010111010101110101011101010111010101110301011103010411030103110201031102010111030104110201011105010111010103110201011107010211030106110101021101010611020104110101000
3110101011102010311020101110201011104010311010102110301031101010111010101110201021105010111010102110101021101010111010102110301011101010211020101110201011104010411010101110101021102010311020106110201000
2110301021103010311030102110101021103010211010102110101031103010111010105110301011105010211030101110201011102010211020102110101011101010111010107110401051102010511010101110101011102010111010101110201000
2010111010101110101011102010111010102110101011101010111040101110101011102010211010104110101021101010211020101110201011101010511020102110201011101010511020101110501031101010211010101110201011101010111000
11102010311010102110301021101010111040101110101011101010111010104110201011103010111010101110101021101010411010101110201011102010111010101011020106110101011104010311010101110101041102010211040101110201000
5010111010103110101021105010111010104110201011102010111010105110201011101010211030101110101011103010111010101110201031101010211040101110301011102010311010101110501011101010211030102110201031103010111000
1110101011101010111030102110101011101010711010101110301021102010211040102110101021102010111020101110101011101010211020102110401011102010211010101110301011101010211040101110201011103010111010101110101000
1110401011104010111010103110101011103010511070101110301021104010111010102110101011102010211010102110501031102010211010101110301011103010211020105110301011101010111010105110201011101010111010105110201000
2010311010102110101041101010211010104110101011102010411040102110101031105010111030101110701011101010111010102110201041101010111010101110301011101010111040101110101031101010111010101110301011104010211000
2110201011102010211010103110101021101010311020101110101021101010111010102110101021101010211020101110601011102010211060101110301011101010211010103110201011106010111030103110201011101010111010103110101000
1110101021101010611030105110301021103010211020102110501011101010111010101110101011103010111010104110301021105010111010101110201021101010311030103110301011103010111010101110201011101010211030101110101000
3110201011101010611030101110201011101010111050101110101011102010211010101110301041104010111010103110101011102010111010102110101011102010111010101110101021101010111010102110101011101010211020101110301000
1110101011101010311020104110101011101010111020103110201041101010211040101110301031102010111030104110101011102010111030101110201021101010211020103110101011102010311010101110101011101010111020104110201000
2010111010103110601051103010111010102110101021101010511020102110101011101010111040101110101011101010211050102110201051104010111030101110101011101010211010101110201011101010211020101110101021103010111000
3110101021101010611020103110101011102010111010102110101011101010111010106110201041103010211010101110101031101010211010102110201021104010211010104110101011101010111050101110301011102010211010101110101000
1010211030105110301021102010311050101110101031102010511010102110201021101010311030106110101011104010111010102110301011105010111010103110101021104010211010102110101031103010111030104110401021102010411000
1010111010103110101011101010111030101110101011101010111010101110301011101010111010101110101011103010111020101110301021102010311010103110201011101010111010102110101021101010411020101110301011102010111000
2010111020103110101011101010111010101110501011101010111020101110101011101010311020102110201011101010111010102110101011102010211020102110101031101010311030102110201021102010111010102110301041101010111000
2110101011102010111010102110701031103010111010101110301011101010211010104110101021101010211020101110301011104010111040102110201031101010511040103110101011102010211020102110401031103010411010101110101000
1010111020101110101011101010111030101110101011102010811060101110101031101010111020104110101051101010111010104110101021102010111010102110101011103010111040103110101011101010111020102110201021108010311000
2010111020101110101011103010111020102110201021101010311010101110101011103010211020101110101011102010111020101110201021101010511010101110101011101010111010101110201011101010311010101110101011103010411000
2110401031102010111020107110101011102010311010101110101021104010111030101110101021105010311010102110201011102010111010102110301031103010411020101110101011102010111010105110101011101010211030101110301000
2110101021101010211010101110201011101010511080101110101011102010111040101110201021103010111010101110601011102010211030101110201011102010111040103110101031102010111020101110101021105010111010101110201000
6010111030101110301011101010511010101110401011102010211010101110201031101010211020101110101011102010311020101110101041103010211020101110101011101010311010101110301021101010411010101110201021104010111000
1010111010102110101011101010111070103110101021101010211020102110101041102010211020101110101011101010211060102110201011101010311020101110201011101010111010102110201011101010111020101110201011102010211000
1010111030102110101021103010111010101110301011107010111010103110501011101010111040101110101021101010511010101110101031102010111040101110101021101010111010103110101021102010211030101110101021102010511000
2110201011102010211010102110101051101010511050101110101011102010411010102110601021101010111010101110201041101010111010102110101011103010111010107110101021104010211050101110201011101010211010101110201000
1110101021101010111010104110301021102010111020101110301011103010211010101110101021101010611010101110401031101010111010101110101011101010111010106110401011103010411030102110101021103010111010102110301000
1110101021101010211010103110301031101010211010101110101011101010111010102110201041102010111010105110101011102010111050101110101021101010311020106110101021101010211040101110201021104010111020103110201000
1110101021101010211040101110201021104010111020105110501011101010311040103110201041103010111020101110201061102010211020104110301011102010111010102110201021104010111030101110101021101010311040101110101000
5110101021103010111010102110201011102010111020101110201011101010711070104110101041101010211010101110201061102010111040102110201041101010211020101110201021101010111010102110501021102010111030104110201000
3110801011103010111010101110101091101010111010101110501011101010111010107110301021101010111010101110201011101010111020101110201011103010111010103110201021101010211010101110301031101010311020102110101000
1110101031102010111010104110101021102010411010103110101021101010211010103110201011102010111010102110101051104010211010101110101011101010411020104110401021102010311020105110201011102010211050101110201000
7010311010101110101011101010111020103110101021101010311040101110201011101010211010102110101021101010211010101110101021102010111010102110501081101010111020102110101011104010111030103110301011101010311000
2010111010102110101021101010111050103110201011104010111050101110101011101010311010102110201041102010211010102110501011101010111010101110201031101010411030102110101011101010111030101110101011101010111000
1010311020103110201021101010211030101110101031102010111010101110101021106010111010101110201011104010111020102110201041104010111010101110101031103010111010104110101021101010511010101110101011103010211000
1110201011103010111030102110601021102010111010101110201011101010111020102110101011103010111030101110501011102010311010101110101011101010111020103110101011103010111020103110101031102010111020103110101000
2110101011102010211030105110201011101010311020101110201021103010111010101110201011102010111050102110101011103010111020102110201011101010111010101110301011101010111010104110101011103010211010101110201000
1010111020101110101011101010411010102110201011101010111050104110501011104010111030101110301011102010511020104110101021103010211020101110101011103010111020104110101041103010411010104110101021101010111000
2110201011102010611020103110101021104010211010104110201011103010111020103110101041101010111020101110201061101010111020101110101021101010111010102110501011103010311010102110201011101010511040105110401000
3110101051101010311010101110101011102010111030103110201011101010211010102110401021102010211030101110301011103010111010101110301031101010111020101110101011101010211040102110101011102010111020102110401000
5010111040102110101011101010111020102110201011102010211010102110101011101010211020101110101011103010511010101110301021101010711010102110301021101010311030101110101041103010211010101110101031101010111000
11101010311010101110101011102010411050101110101031103010211020101110201021102010111101010311030102110201011101010411030102110101011104010311040101110101021101010111020101110101011102010111010103110101000
4110101011101010211010101110201021102010111030103110101011102010111010103110101011102010111020101110101011101010111010101110101011102010111020102110401031102010111020101110101011104010211010103110101000
1110401021101010111060103110101021102010111010102110301021103010111040106110101021102010111010102110201011101010111010103110201061101010111010101110201011103010111020102110301011101010111080102110201000
1010111010101110601041103010111010102110101021101010211020101110101011101010211020106110201011103010211010101110201041101010311020101110301051102010211010101110101011102010111010102110101031102010211000
11103010111050104110101031101010411010010211040102110101041102010311010101110101011101010411020102110401011103010111020102110301011101010111020103110101011101010111010106110401011101010211010101110401000
1110101021101010311070102110401031101010111020101110401011101010111020103110101011104010211020103110101011102010311010101110201061101010311030101110101021103010111010103110401041102010111040101110101000
2110101021102010311010101110101021101010111030101110101041101010211030102110201011105010111030103110101021101010111020103110101011103010211010101110501021102010211010102110101011101010111030101110101000
2110501041101010111010103110101041101010111020106110401011102010211010102110101021101010111020102110201021103010111010104110201031101010411010105110101041103010111030102110401031103010111040101110101000
1110201031101010411010104110301011107010211010102110301031102010411020102110101011101010411010102110101011102010111030101110201011101010111010101110101021101010311010103110101021103010211030101110701000
1110101031105010611030101110101011101010211030101110301021102010111030101110201021101010111050102110101031103010111020108110101031102010111030101110101031101010111020101110501011108010511030101110101000
3010111010106110201011102010111010102110101021102010211010101110101021104010111010101110201081103010111020104110101011101010211010103110101021104010211010101110101011101010211010103110101021101010511000
1010111010101110101031101010211030101110101011103010111020104110101021101010411030101110201021102010111030103110101051101010111010101110601031102010111020103110201011104010111030102110201021101010111000
1110101021101010311030101110401011104010111010102110201011103010111080102110101011105010411010102110201011101010111020105110101011103010111020101110201021101010111010102110101011103010111020102110101000
2010111010102110201011102010211010101110101011101010111010105110201021101010111010102110101021101010111010101110201011101010411030102110101021106010111020102110501081101010211010101110101021101010211000
3110201011101010211010106110301021101010111030102110101041105010311010101110101041101010611040101110201021101010111020102110101021101010811010102110201011103010411030101110301011102010211060102110101000
3010111020102110101011102010111010102110301011102010411010103110201021101010311010101110301051102010111020101110201011102010411020101110101011103010111010101110201021101010211060101110101021101010411000
1010111010102110101031101010111040101110201021101010111020102110101011101010111010102110101031102010111010105110701031103010111010105110101011105010111010101110101021101010211010101110101031101010311000
1010411020101110401031102010211010102110101021101010411010102110301021101010111030101110101031103010111040103110201031105010111010105110101011102010111010101110101011101010311030104110101011101010311000
1110101021101010311030103110101011104010211010102110101011101010111060101110101011101010111010101110101011101010211030102110101021102010211060102110101021101010111010104110101011102010111010101110101000
11102010111020101011010102110101021102010111010101110301021102010211010102110101011102010111010102110101011101010111010102110301031102010111010105110301011101010111010104110201011106010311070102110101000
2010411010101110201041103010111040102110201031101010211010102110401021102010111030102110401011101010111050105110201031104010411040101110101031101010211010101110101021101010111020101110101011101010211000
1110301011101010211030103110101011102010111010101110101021102010111010101110301011101010111010102110101031102010411010101110101021101010111010102110301011105010411010101110301011102010211010101110101000
100101110501021104010211020101110201011101010411030101110201021101010111070103110101011101010111010106110201011101010111010101110101011104010211030101011030102110401021101010111050101110101011101010211000
4110101011101010111010102110101011101010211010102110101051102010411010103110201021101010111030102110301021101010211020102110101011101010211040104110301021101010211040104110101011103010211010101110101000
1010311010101110101031101010111020102110101011102010111020103110101021105010211030102110101011101010111020105110201011102010511020102110201021101010111020105110101021101010111010101110601011101010111000
11010111020102110101011105010311020102110101011103010311010104110101021101010111020104110201011101010111010102110301041102010211010101110301011101010111010101110101011101010311010102110101021102010211000
2010111010101110101011102010511010102110201021101010211030103110201051102010411050102110201031101010211010102110101031104010211030104110101011103010211010101110101011104010111020101110401051103010311000
2010111040101110101021102010211010102110401011103010111010105110201021104010211020101110101011101010111010103110201011103010111010101110101021101010111010101110101011101010111010101110301011101010211000
1010111020106110101041102010211010101110201021101010311020102110101011102010311030101110301021101010411010101110101021101010211010101110301011101010111010102110101051102010311010102110201031102010211000
1010111010102110101021104010211010103110301021101010111020102110101061106010111030106110101021101010111010101110101011102010111030104110101031103010511010103110101011102010111010102110301021102010111000
1010411020103110201031104010111010103110101011102010111040103110301021102010411010102110501011101010311010104110101071102010511010105110201041101010411040103110101011101010511010101110201011101010111000
3010111010102110101011105010311010101110101021101010111010103110301041101010211030101110201011104010111010101110101061101010111030102110101061101010311010101110201011103010311010104110101011103010211000
1110201011104010211050101110101021101010111010103110101011103010511010108110201021101010111010102110201011103010411020101110301011101010111010101110101011101010111020101110201021101010111020101110101000
1110101021101010111020101110401011101010111010104110201011103010211040101110201021101010311050101110301021102010611020103110101051101010111030101110101011101010111010101110301011101010111030101110201000
5110201021101010211020105110201021101010111030101110301041102010111010102110201011101010311020104110301011101010111010104110101051105010211010103110101021101010111030102110101021102010111010101110101000
1110401031101010111010101110401011101010111010101110201021107010111010105110101041101010311020104110101011101010211020101110101021102010211020101110201011102010211010105110301031101010111040101110101000
1110101011101010211030101110201011103010111010101110101011106010211010102110101041101010511010103110201011106010511030102110101011102010511010104110201011101010211030102110401011101010111050101110401000
10106110101011101010111020101110201011102010111010101110101011101010311010101110201011103010111102010311030101110101011104010311020102110501011102010111010101110101021101010111010103110101021101010211000
1010211010101110101021101010311070101110701021101010211010102110301031105010611010103110301011101010111010102110101011101010111020101110501031102010311010101110201021105010311020101110101031101010211000
4110101021102010111020103110201011101010111020101110101021101010111040101110301011101010411010101110501011101010311010104110101011102010111010102110101011101010111020101110401011101010211010104110201000
1010111010102110101021105010111010101110501011101010511020103110201031101010311020104110201011101010111040102110201011102010111020102110101011101010411020101110101021101010211020105110301021101010111000
1110401041102010211030101110101021101010211020106110301041103010311010101110101031101010111010101110101011101010311010101110101061101010611040102110201031104010111050102110101021103010111010102110501000
1010111010101110201021101010111010101110301011101010211010103110201061101010111010101110201021102010911010102110201011103010111030101110101021108010111030101110101011105010111030101110101011101010311000
4010211060101110401011102010111010102110601011105010211070105110101031101010511030102110101011106010611020101110201041101010211010105110201021102010511010103110101011101010211010102110101011101010111000
3110301011103010211030101110101011103010311030101110201011103010111010101110301011103010311010103110201021101010111010101110201021101010111010102110601011102010111010101110101011104010311010101110101000
8010111010102110101041101010111010102110301011101010511020104110301061105010211080103110201021105010111010101110201061101010111050101110201011101010311010101110201011101010211010102110101021104010111000
3110101011101010111010102110501051106010211010101110201011101010211010102110201011107010611010102110201031101010111010101110501011101010211020105110101021102010311010101110101021101010211010101110101000
2110101011107010111020102110201011101010411010101110201011101010211040101110201021101010311010101110401041102010311020103110601051101010111010101110201031101010711020102110201051101010911010101110101000
2110401011101010111020101110301011101010211040101110201021101010411020101110101011101010111010101110101011101010211010101110501011101010211010105110201031104010111020101110101021101010111010106110201000
60101110501011101010111030101011010101110201031101010111020104110501051102010311010103110201011105010311020101110101041101010211010104110101011101010111050102110401011102010111010103110101011101010311000
1110101011103010111010102110301011102010111030101110101011101010111040101110201011101010511030101110201031101010111020101110201021101010111040103110101011101010111010102110101051102010311010104110201000
1110501031103010111010104110401011101010111020101110301011101010211020102110101011102010211010101110101011104010111010103110101011102010411020101110501011101010211020101110301011108010111020101110101000
