10 0 6 1 84 0 0000000000000000000000000000000000000000000000000000000000000000000000000000000000000000000000
90214021830000000000000000000000000000000000000000000000000000000000000000000000000000000000000000000
90116051790000000000000000000000000000000000000000000000000000000000000000000000000000000000000000000
90818300000000000000000000000000000000000000000000000000000000000000000000000000000000000000000000000
80216031810000000000000000000000000000000000000000000000000000000000000000000000000000000000000000000
70213011201120218000000000000000000000000000000000000000000000000000000000000000000000000000000000000
60215011102120118000000000000000000000000000000000000000000000000000000000000000000000000000000000000
601112021790000000000000000000000000000000000000000000000000000000000000000000000000000000000000000000
60114011801179000000000000000000000000000000000000000000000000000000000000000000000000000000000000000
60114041601178000000000000000000000000000000000000000000000000000000000000000000000000000000000000000
60117041301178000000000000000000000000000000000000000000000000000000000000000000000000000000000000000
602113011401173000000000000000000000000000000000000000000000000000000000000000000000000000000000000000
70419021401173000000000000000000000000000000000000000000000000000000000000000000000000000000000000000
1001115011730000000000000000000000000000000000000000000000000000000000000000000000000000000000000000000
1401111011730000000000000000000000000000000000000000000000000000000000000000000000000000000000000000000
1401110021730000000000000000000000000000000000000000000000000000000000000000000000000000000000000000000
150119011740000000000000000000000000000000000000000000000000000000000000000000000000000000000000000000
901617500000000000000000000000000000000000000000000000000000000000000000000000000000000000000000000000
80215011840000000000000000000000000000000000000000000000000000000000000000000000000000000000000000000
70216011840000000000000000000000000000000000000000000000000000000000000000000000000000000000000000000
70117011840000000000000000000000000000000000000000000000000000000000000000000000000000000000000000000
50317011840000000000000000000000000000000000000000000000000000000000000000000000000000000000000000000
40219011840000000000000000000000000000000000000000000000000000000000000000000000000000000000000000000
302110011840000000000000000000000000000000000000000000000000000000000000000000000000000000000000000000
140318300000000000000000000000000000000000000000000000000000000000000000000000000000000000000000000000
130211021820000000000000000000000000000000000000000000000000000000000000000000000000000000000000000000
130113011820000000000000000000000000000000000000000000000000000000000000000000000000000000000000000000
120213021810000000000000000000000000000000000000000000000000000000000000000000000000000000000000000000
110215021800000000000000000000000000000000000000000000000000000000000000000000000000000000000000000000
100217011800000000000000000000000000000000000000000000000000000000000000000000000000000000000000000000
90218021790000000000000000000000000000000000000000000000000000000000000000000000000000000000000000000
802111011780000000000000000000000000000000000000000000000000000000000000000000000000000000000000000000
801112011780000000000000000000000000000000000000000000000000000000000000000000000000000000000000000000
100000000000000000000000000000000000000000000000000000000000000000000000000000000000000000000000000000
100 0 00000000000000000000000000000000000000000000000000000000000000000000000000000000000000000000000000
100000000000000000000000000000000000000000000000000000000000000000000000000000000000000000000000000000
100000000000000000000000000000000000000000000000000000000000000000000000000000000000000000000000000000
100000000000000000000000000000000000000000000000000000000000000000000000000000000000000000000000000000
100000000000000000000000000000000000000000000000000000000000000000000000000000000000000000000000000000
100000000000000000000000000000000000000000000000000000000000000000000000000000000000000000000000000000
100000000000000000000000000000000000000000000000000000000000000000000000000000000000000000000000000000
100000000000000000000000000000000000000000000000000000000000000000000000000000000000000000000000000000
100000000000000000000000000000000000000000000000000000000000000000000000000000000000000000000000000000
100000000000000000000000000000000000000000000000000000000000000000000000000000000000000000000000000000
100000000000000000000000000000000000000000000000000000000000000000000000000000000000000000000000000000
100000000000000000000000000000000000000000000000000000000000000000000000000000000000000000000000000000
100000000000000000000000000000000000000000000000000000000000000000000000000000000000000000000000000000
100000000000000000000000000000000000000000000000000000000000000000000000000000000000000000000000000000
100000000000000000000000000000000000000000000000000000000000000000000000000000000000000000000000000000
100000000000000000000000000000000000000000000000000000000000000000000000000000000000000000000000000000
100000000000000000000000000000000000000000000000000000000000000000000000000000000000000000000000000000
100000000000000000000000000000000000000000000000000000000000000000000000000000000000000000000000000000
100000000000000000000000000000000000000000000000000000000000000000000000000000000000000000000000000000
100000000000000000000000000000000000000000000000000000000000000000000000000000000000000000000000000000
100000000000000000000000000000000000000000000000000000000000000000000000000000000000000000000000000000
100000000000000000000000000000000000000000000000000000000000000000000000000000000000000000000000000000
100000000000000000000000000000000000000000000000000000000000000000000000000000000000000000000000000000
100000000000000000000000000000000000000000000000000000000000000000000000000000000000000000000000000000
100000000000000000000000000000000000000000000000000000000000000000000000000000000000000000000000000000
100000000000000000000000000000000000000000000000000000000000000000000000000000000000000000000000000000
100000000000000000000000000000000000000000000000000000000000000000000000000000000000000000000000000000
100000000000000000000000000000000000000000000000000000000000000000000000000000000000000000000000000000
100000000000000000000000000000000000000000000000000000000000000000000000000000000000000000000000000000
100000000000000000000000000000000000000000000000000000000000000000000000000000000000000000000000000000
100000000000000000000000000000000000000000000000000000000000000000000000000000000000000000000000000000
100000000000000000000000000000000000000000000000000000000000000000000000000000000000000000000000000000
100000000000000000000000000000000000000000000000000000000000000000000000000000000000000000000000000000
100000000000000000000000000000000000000000000000000000000000000000000000000000000000000000000000000000
100000000000000000000000000000000000000000000000000000000000000000000000000000000000000000000000000000
100000000000000000000000000000000000000000000000000000000000000000000000000000000000000000000000000000
100000000000000000000000000000000000000000000000000000000000000000000000000000000000000000000000000000
100000000000000000000000000000000000000000000000000000000000000000000000000000000000000000000000000000
100000000000000000000000000000000000000000000000000000000000000000000000000000000000000000000000000000
100000000000000000000000000000000000000000000000000000000000000000000000000000000000000000000000000000
100000000000000000000000000000000000000000000000000000000000000000000000000000000000000000000000000000
100000000000000000000000000000000000000000000000000000000000000000000000000000000000000000000000000000
100000000000000000000000000000000000000000000000000000000000000000000000000000000000000000000000000000
100000000000000000000000000000000000000000000000000000000000000000000000000000000000000000000000000000
100000000000000000000000000000000000000000000000000000000000000000000000000000000000000000000000000000
100000000000000000000000000000000000000000000000000000000000000000000000000000000000000000000000000000
100000000000000000000000000000000000000000000000000000000000000000000000000000000000000000000000000000
100000000000000000000000000000000000000000000000000000000000000000000000000000000000000000000000000000
100000000000000000000000000000000000000000000000000000000000000000000000000000000000000000000000000000
100000000000000000000000000000000000000000000000000000000000000000000000000000000000000000000000000000
100000000000000000000000000000000000000000000000000000000000000000000000000000000000000000000000000000
100000000000000000000000000000000000000000000000000000000000000000000000000000000000000000000000000000
100000000000000000000000000000000000000000000000000000000000000000000000000000000000000000000000000000
100000000000000000000000000000000000000000000000000000000000000000000000000000000000000000000000000000
100000000000000000000000000000000000000000000000000000000000000000000000000000000000000000000000000000
100000000000000000000000000000000000000000000000000000000000000000000000000000000000000000000000000000
100000000000000000000000000000000000000000000000000000000000000000000000000000000000000000000000000000
100000000000000000000000000000000000000000000000000000000000000000000000000000000000000000000000000000
100000000000000000000000000000000000000000000000000000000000000000000000000000000000000000000000000000
100000000000000000000000000000000000000000000000000000000000000000000000000000000000000000000000000000
100000000000000000000000000000000000000000000000000000000000000000000000000000000000000000000000000000
100000000000000000000000000000000000000000000000000000000000000000000000000000000000000000000000000000
100000000000000000000000000000000000000000000000000000000000000000000000000000000000000000000000000000
100000000000000000000000000000000000000000000000000000000000000000000000000000000000000000000000000000
100000000000000000000000000000000000000000000000000000000000000000000000000000000000000000000000000000
100000000000000000000000000000000000000000000000000000000000000000000000000000000000000000000000000000
