100106110840100000000000000000000000000000000000000000000000000000000000000000000000000000000000000000000
9010211040102110830100000000000000000000000000000000000000000000000000000000000000000000000000000000000000
9010111060105110790100000000000000000000000000000000000000000000000000000000000000000000000000000000000000
90108110830100000000000000000000000000000000000000000000000000000000000000000000000000000000000000000000
8010211060103110810100000000000000000000000000000000000000000000000000000000000000000000000000000000000000
70102110301011102010111020102110800100000000000000000000000000000000000000000000000000000000000000000000000000
60102110501011101010211020101110800100000000000000000000000000000000000000000000000000000000000000000000000000
60101110120102110790100000000000000000000000000000000000000000000000000000000000000000000000000000000000000
601011104010111080101110790100000000000000000000000000000000000000000000000000000000000000000000000000000000
601011104010411060101110780100000000000000000000000000000000000000000000000000000000000000000000000000000000
601011107010411030101110780100000000000000000000000000000000000000000000000000000000000000000000000000000000
6010211013010111040101110730100000000000000000000000000000000000000000000000000000000000000000000000000000000
701041109010211040101110730100000000000000000000000000000000000000000000000000000000000000000000000000000000
100101111050101110730100000000000000000000000000000000000000000000000000000000000000000000000000000000000000
140101110110101110730100000000000000000000000000000000000000000000000000000000000000000000000000000000000000
140101110100102110730100000000000000000000000000000000000000000000000000000000000000000000000000000000000000
15010111090101110740100000000000000000000000000000000000000000000000000000000000000000000000000000000000000
901016110750100000000000000000000000000000000000000000000000000000000000000000000000000000000000000000000
8010211050101110840100000000000000000000000000000000000000000000000000000000000000000000000000000000000000
7010211060101110840100000000000000000000000000000000000000000000000000000000000000000000000000000000000000
7010111070101110840100000000000000000000000000000000000000000000000000000000000000000000000000000000000000
5010311070101110840100000000000000000000000000000000000000000000000000000000000000000000000000000000000000
4010211090101110840100000000000000000000000000000000000000000000000000000000000000000000000000000000000000
30102110100101110840100000000000000000000000000000000000000000000000000000000000000000000000000000000000000
140103110830100000000000000000000000000000000000000000000000000000000000000000000000000000000000000000000
13010211010102110820100000000000000000000000000000000000000000000000000000000000000000000000000000000000000
13010111030101110820100000000000000000000000000000000000000000000000000000000000000000000000000000000000000
12010211030102110810100000000000000000000000000000000000000000000000000000000000000000000000000000000000000
11010211050102110800100000000000000000000000000000000000000000000000000000000000000000000000000000000000000
10010211070101110800100000000000000000000000000000000000000000000000000000000000000000000000000000000000000
9010211080102110790100000000000000000000000000000000000000000000000000000000000000000000000000000000000000
80102110110101110780100000000000000000000000000000000000000000000000000000000000000000000000000000000000000
80101110120101110780100000000000000000000000000000000000000000000000000000000000000000000000000000000000000
1000100000000000000000000000000000000000000000000000000000000000000000000000000000000000000000000000000
1000100000000000000000000000000000000000000000000000000000000000000000000000000000000000000000000000000
1000100000000000000000000000000000000000000000000000000000000000000000000000000000000000000000000000000
1000100000000000000000000000000000000000000000000000000000000000000000000000000000000000000000000000000
1000100000000000000000000000000000000000000000000000000000000000000000000000000000000000000000000000000
1000100000000000000000000000000000000000000000000000000000000000000000000000000000000000000000000000000
1000100000000000000000000000000000000000000000000000000000000000000000000000000000000000000000000000000
1000100000000000000000000000000000000000000000000000000000000000000000000000000000000000000000000000000
1000100000000000000000000000000000000000000000000000000000000000000000000000000000000000000000000000000
1000100000000000000000000000000000000000000000000000000000000000000000000000000000000000000000000000000
1000100000000000000000000000000000000000000000000000000000000000000000000000000000000000000000000000000
1000100000000000000000000000000000000000000000000000000000000000000000000000000000000000000000000000000
1000100000000000000000000000000000000000000000000000000000000000000000000000000000000000000000000000000
1000100000000000000000000000000000000000000000000000000000000000000000000000000000000000000000000000000
1000100000000000000000000000000000000000000000000000000000000000000000000000000000000000000000000000000
1000100000000000000000000000000000000000000000000000000000000000000000000000000000000000000000000000000
1000100000000000000000000000000000000000000000000000000000000000000000000000000000000000000000000000000
1000100000000000000000000000000000000000000000000000000000000000000000000000000000000000000000000000000
1000100000000000000000000000000000000000000000000000000000000000000000000000000000000000000000000000000
1000100000000000000000000000000000000000000000000000000000000000000000000000000000000000000000000000000
1000100000000000000000000000000000000000000000000000000000000000000000000000000000000000000000000000000
1000100000000000000000000000000000000000000000000000000000000000000000000000000000000000000000000000000
1000100000000000000000000000000000000000000000000000000000000000000000000000000000000000000000000000000
1000100000000000000000000000000000000000000000000000000000000000000000000000000000000000000000000000000
1000100000000000000000000000000000000000000000000000000000000000000000000000000000000000000000000000000
1000100000000000000000000000000000000000000000000000000000000000000000000000000000000000000000000000000
1000100000000000000000000000000000000000000000000000000000000000000000000000000000000000000000000000000
1000100000000000000000000000000000000000000000000000000000000000000000000000000000000000000000000000000
1000100000000000000000000000000000000000000000000000000000000000000000000000000000000000000000000000000
1000100000000000000000000000000000000000000000000000000000000000000000000000000000000000000000000000000
1000100000000000000000000000000000000000000000000000000000000000000000000000000000000000000000000000000
1000100000000000000000000000000000000000000000000000000000000000000000000000000000000000000000000000000
1000100000000000000000000000000000000000000000000000000000000000000000000000000000000000000000000000000
1000100000000000000000000000000000000000000000000000000000000000000000000000000000000000000000000000000
1000100000000000000000000000000000000000000000000000000000000000000000000000000000000000000000000000000
1000100000000000000000000000000000000000000000000000000000000000000000000000000000000000000000000000000
1000100000000000000000000000000000000000000000000000000000000000000000000000000000000000000000000000000
1000100000000000000000000000000000000000000000000000000000000000000000000000000000000000000000000000000
1000100000000000000000000000000000000000000000000000000000000000000000000000000000000000000000000000000
1000100000000000000000000000000000000000000000000000000000000000000000000000000000000000000000000000000
1000100000000000000000000000000000000000000000000000000000000000000000000000000000000000000000000000000
1000100000000000000000000000000000000000000000000000000000000000000000000000000000000000000000000000000
1000100000000000000000000000000000000000000000000000000000000000000000000000000000000000000000000000000
1000100000000000000000000000000000000000000000000000000000000000000000000000000000000000000000000000000
1000100000000000000000000000000000000000000000000000000000000000000000000000000000000000000000000000000
1000100000000000000000000000000000000000000000000000000000000000000000000000000000000000000000000000000
1000100000000000000000000000000000000000000000000000000000000000000000000000000000000000000000000000000
1000100000000000000000000000000000000000000000000000000000000000000000000000000000000000000000000000000
1000100000000000000000000000000000000000000000000000000000000000000000000000000000000000000000000000000
1000100000000000000000000000000000000000000000000000000000000000000000000000000000000000000000000000000
1000100000000000000000000000000000000000000000000000000000000000000000000000000000000000000000000000000
1000100000000000000000000000000000000000000000000000000000000000000000000000000000000000000000000000000
1000100000000000000000000000000000000000000000000000000000000000000000000000000000000000000000000000000
1000100000000000000000000000000000000000000000000000000000000000000000000000000000000000000000000000000
1000100000000000000000000000000000000000000000000000000000000000000000000000000000000000000000000000000
1000100000000000000000000000000000000000000000000000000000000000000000000000000000000000000000000000000
1000100000000000000000000000000000000000000000000000000000000000000000000000000000000000000000000000000
1000100000000000000000000000000000000000000000000000000000000000000000000000000000000000000000000000000
1000100000000000000000000000000000000000000000000000000000000000000000000000000000000000000000000000000
1000100000000000000000000000000000000000000000000000000000000000000000000000000000000000000000000000000
1000100000000000000000000000000000000000000000000000000000000000000000000000000000000000000000000000000
1000100000000000000000000000000000000000000000000000000000000000000000000000000000000000000000000000000
1000100000000000000000000000000000000000000000000000000000000000000000000000000000000000000000000000000
1000100000000000000000000000000000000000000000000000000000000000000000000000000000000000000000000000000
1000100000000000000000000000000000000000000000000000000000000000000000000000000000000000000000000000000
1000100000000000000000000000000000000000000000000000000000000000000000000000000000000000000000000000000
1000100000000000000000000000000000000000000000000000000000000000000000000000000000000000000000000000000
