0000001000000000000000000000000000000000000000000000000000000000000000000000000000000000000000000000
0000001000000000000000000000000000000000000000000000000011110000000000000000000000000000000000000000
0000001000000000000011111111111111111111110000000000011111111111111111111110000000000000000000000000
0000001000000000000011000100000000010000010000000000010000100001000010001010000000000000000000000000
0000001000000000000010000100111100010000010000000000010000100001000010001010000000000000000000000000
1111111000000000000011111111101111111111110000000000011111111111111111111110000000000000000000000000
0000000000000000000010010000001000001010010000000000010100010000000001000010000000000000000000000000
0000000000000000000010010000001000001010010000000000011111110000000001111110000000000000000000000000
0000000000000000000011111111111000001111110000000000010001010000000001010010000000000000000000000000
0000000000000000000010000010001000001000010000000000010001010000000001010010000000000000000000000000
0000000000000000000010000010001000001000010000000000011111110000000001111110000000000000000000000000
0000000000000000000011111111111111111111110000000000010100010000000001001010000000000000000000000000
0000000000000000000010010000010000010010010000000000010100010000000001001010000000000000000000000000
0000000000000000000010010000010000010010010000000000011111110000000001111110000000000000000000000000
0000000000000000000010010000010000010010010000000000010011010000000001010010000000000000000000000000
0000000000000000000011111111111111111111110000000000010001010000000001010010000000000000000000000000
0000000000000000000000000000000000010100010000000000011111110000000001111110001110000001110000000000
0000000000000000000000000000000000010100010000000000010100010000000001001010011011111111011000000000
0000000000000000000000000000000000011111110000000000010100010000000001001010001000000000010000000000
0000000000000000000000000000000000010010010000000000011111110000000001111110011001111110011000000000
0000000000000000000000000000000000010010010000000000010010010000000001010010001001000010010000000000
0000000000000000000000000000000000011111110000000000010010010000000001010010011011000011011000000000
0000000000000000000000000000000000010001010000000000011111110000000001111110001011000011010000000000
0000000000000000000000000000000000010001010000000000010100010000000001001010011011000011011000000000
0000000000000000000000000000000000011111110000000000010100010000000001001010001001000010010000000000
0000000000000000000000000000000000010100010000000000011111111111111111111110011001111110011000000000
0000000000000000000000000000000000010100010000000000010011000100011000100010001000011000010000000000
0000000000000000000001111111111111111111110000000000011001000110001000100010011011111111011000000000
0000000000000000000001011000001000010000010000000000011111111111111111111110001110011001110000000000
0000000000000000000001011000001000010000010000000000010000100010010010000010000000011000000000000000
0000000000000000000001011000001000010000010000000000010000110011010011000010000000011000000000000000
0000000000000000000001111111111111111111110000000000011111111111111111111110000000011000000000000000
1111111100000000000000000010010010100100100000000000000000000001111111100000000000011000000000000000
0000000100000000000000000011111111111111100000000000000000000001001100100000000000000000000000000000
0111110110000000000000000001000111110001000000000000000000000001001100100000000000000000000000000000
1100011100000000000000000001001100011001000000000000011111111111001100111111111100000000000000000000
0100001110000000000000000001001000001111111100000000010001000101111111100100010100000000000000000000
0100011100000000000000000001001000001001000000000000010001000101111111100100010100000000000000000000
0110110110000000000000000001001100011001000000000000010001000101001100100100010100000000000000000000
0011100100000000000000000011111111111111100000000000011111111111001100111111111100000000000000000000
0111110110000000000000000010100010010010100000000000010000010001001100100001000100000000000000000000
1101011100000000000000000001111111111111110000000000010000010001001100100001000100000000000000000000
0001000000000000000000000001000000000000010000000000010000010001111111100001000100000000000000000000
0001000000000000000000000001111111111111110000000000011111111111111111111111111100000000000000000000
0001000000000000000000000001000100000100010000000000010010000010000010000100000100000000000000000000
1111111111000000000000000001000100000100010000000000010010000010000010000100000100000000000000000000
0000110001000000001111111111111111111111111111111111111111111111111111111111111100000000000000000000
0000110001000000001111111111001000010000010000110000110000110000010000010000110100000000000000000000
0000110001000000001111111111001000010000010000110000110000010000010000010000010100000000000000000000
1111111111000000001111111111111111111111110000110000111111111111111111111111111100000000000000000000
1111111111000000001111111111000010000100010000110000110010000010000010000010000100000000000000000000
0000110001000000001111111111000010000100010000110011110010000010000010000010000100000000000000000000
0000110001000000001111111111111111111111111111111111111111111111111111111111111100000000000000000000
0000110001000000001111111111000100000010011111111111110000010000001000010000100100000000000000000000
1111111111000000001111111111000100000010010000110000110000010000001000010000100100000000000000000000
0000000000000000001111111111111111111111110000110000111111111111111111111111111100000000000000000000
0000000000000000001111111111001000011000010000110000110001000000100000000100000100000000000000000000
0000000000000000001111111111001000001000010000110000110001000001111111100100000100000000000000000000
0000000000000000001111111111111111111111110000110000111111111111000000111111111100000000000000000000
1111100000000000001111111111010000100010011111111111110000010001000000100001000100000000000000000000
0001100000000000001111111111010000100010010000000000010000010001000000100001000100000000000000000000
0001100000000000000000000001111111111111110000000000011111111111000000111111111100000000000000000000
1111100000000000000000000000000000000000000000000000000000000000000000000000000000000000000000000000
0001100000000000000000000000000000000000000000000000000000000000000000000000000000000000000000000000
0000100000000000000000000000000000000000000000000000000000000000000000000000000000000000000000000000
1111100000000000000000000000000001100000000000000000000000000000000000000000000000000000000000000000
0100100000000000000000000000000001100000000000000000000000000000000000000000000000000000000000000000
0100100000000000000000000000000001100000000111111111111111111111100000000000000000000000000000000000
1111100000000000000000000000111101101111000111111111111111111111100000000000011111111111000000000000
0010100000000000000000000001100111111001100111111111111111111111100000000000010000100001000000000000
0010100000000000000000000000100001100001000111011100110011110011100000000000010001110001000000000000
1111100000000000000000000001100011110001100111111110111110010011100000000000011111111111000000000000
0010111111111111111111000000100110011001000111011011101100010011100000000000010111111101000000000000
0010001000110001100101000001100110011001100111001000000000110011100000000000010011011001000000000000
0010001000010000100101000000100110011001000111001100000001100011100000000000010110001101000000000000
0111111111111111111111000001100011110001100111001100000011000011100000000000010100001101000000000000
0100010001000100110001000000100000000001000111011001110011100011100000000000011111111111000000000000
0100010001000100010001000001100111111101100111011011011100100011100000000000000000000000000000000000
0100010001000100010001000000111100000111000111001110000111100011100000000000000000000000000000000000
1111111111111111111111111111111111111111111111111111111111111111111111111111111111111111111111100000
0000000000000000000000000000000000000000000000000000000011011000111111111000000000000000000000000000
0000001111111001110000100010010000000000011000111000000010110001101000001100000000000000000000000000
0000000001000001011000100010010011000000100101001000000110100001101110001100000000000000000000000000
0000000001000011001000100010011110000000100101001000000101100001001001000100000000000000000000000000
0000000001000011111000111110011100001100011101001000001111000001001110000100000000000000000000000000
0000000001000010001100100010010111000000000101001000011010000000101001001100000000000000000000000000
0000000001000010000100100010010001000000111101111000010110000000111000101100000000000000000000000000
0000000000000000000000000000000000000000000000000000000000000000011111111000000000000000000000000000
0000000000000000000000000000000000000000000000000000000000000000000000000000000000000000000000000000
0000000000000000000000000000000000000000000000000000000000000000000000000000000000000000000000000000
0000000000000000000000000000000000000000000000000000000000000000000000000000000000000000000000000000
0000000000000000000000000000000000000000000000000000000000000000000000000000000000000000000000000000
0000000000000000000000000000000000000000000000000000000000000000000000000000000000000000000000000000
0000000000000000000000000000000000000000000000000000000000000000000000000000000000000000000000000000
0000000000000000000000000000000000000000000000000000000000000000000000000000000000000000000000000000
0000000000000000000000000000000000000000000000000000000000000000000000000000000000000000000000000000
0000000000000000000000000000000000000000000000000000000000000000000000000000000000000000000000000000
0000000000000000000000000000000000000000000000000000000000000000000000000000000000000000000000000000
0000000000000000000000000000000000000000000000000000000000000000000000000000000000000000000000000000
0000000000000000000000000000000000000000000000000000000000000000000000000000000000000000000000000000
