10003200
10003200
20032171326303200
1603211132603281325903200
1503241321803251325803200
130325132140324132403241322503281322303200
13032313250324132703221322032213240323132210325132503231322103200
130322132403231322032213250322132403211325032213221032113220322132703221322003200
1103231325032213250321132403221324032113250322132210325132803211322003200
110322132703261326032613250323132200325132803211322003200
1103221323003231321403235132503200
110323132290322132903225132140323132403200
11032313280324132703221328032213280322132380323132403200
1203231321003291328032313280323132380322132403200
1303241322203251329032313260323132290323132303200
140326132150326132120323132603231326032413230327132100322132303200
16032221321503231326032313260324132303221323032313290322132303200
2003215132180323132603213132303221325032213280322132303200
180326132803271321403231326032131323032913280322132303200
14032101329032313220323132120323132603231326032413230326132110322132303200
11032613260321313240322132110323132603231326032413230322132150322132303200
90325132110321013260322132100323132603231326032413230322132150322132303200
7032513229032313290323132603231326032413230322132150322132303200
603231321032213230032313280322132160324132200323132203200
503221323032213230032313280327132350323132203200
40323132303221323103221328032413210323132210321132100325132203200
40323132303221323103231321203231321503220132403200
40323132303221323203231321103231321503217132703200
4032313230322132320325132503271322103221321603200
503241321032213232032113210329132203231322203261321203200
6032613232032913240322132260326132903200
703221132703210132430324132803200
100322513290321132440323132803200
10032213230323132260321132450323132703200
10032213230323132260321132460323132603200
160322132740323132503200
160322132750322132503200
160322132750322132503200
160323132740322132503200
1603279132503200
1603278132603200
10003200
603261328803200
40323132403231328603200
20322132903231328403200
103221321303221322303261322403251322403200
1032113215032113223032313220322132210322132403211322403200
10321132150321132250324132220321132190323132803200
1032113215032113240322132130321132150322132703211325032213218032213210322132703200
10321132100326132503221326032113250321132403271324032313250322132403221321103261322032113230321132703200
1032113270324132303241324032213240323132303221327032113270321132103221324032113250321132110322132403211322032113230321132703200
103221326032113260321132203221324032213220322132103221322032113280321132703211322032313220321132503211321003221325032113220321132203200
203221321103221323032113250321132103221323032413280321132603221324032113220321132503211321003211326032113220324132803200
3032213290322132403221324032313250322132903211326032113250324132503221324032213230322132403221322032113220323132603200
40321113260323132303221325032213250327132403211327032213260326132503261323032113240322132503200
10003200
10003200
10003200
703271328603200
503231325032313212032813215032213210032101322703200
40322132903221321003231325032213213032313280323132803211322703200
160321132903231327032213210032313210321132803211321003211322703200
16032113290323132803221327032313230321132803211323803200
150322132803221321103221324032313250321132803221323703200
14032213290322132120321132120321132903221323603200
1303221321103221321103211321203211321003291322803200
1203221321303211321103211321203211321803221322703200
100323132140322132903221321203211321903211322703200
80323132170321132903211321303211321903211322703200
70322132190322132703221321303211321903211322703200
50323132210321132503231321403211321903211322703200
4032413221032713216032113210032101322703200
703216132803221323003211323603200
10003200
46032121324203200
1503241322603221321003231321403281321803200
14032213220322132240322132130322132120322132603211321803200
13032213240321132240321132150321132120321132203261321803200
12032213250322132230322132270324132403211321803200
11032213270321132180321132603221323203221321803200
1003221328032113210032213260321132703231322803231321903200
100321132903211328032613240321132903241322403221322103200
90322132903211326032213250322132203221321203221322103231322203200
7032213211032113250322132703241321503221321803221322403200
7032113212032113250321132903221321103271321103281321103211321303200
50322132130321132503211329032213211032213240322132803231323032213210322132903221321303200
50321132140321132503221328032213210032213260321132803211324032213230322132703221321403200
5032113214032113260323132403221321032313280321132703211328032613250323132203241321503200
50321132140321132803261324032213270322132503221322103241321803200
50321132140321132190322132703271324403200
10003200
12032113221032141325203200
11032213211032113210032111325403200
1103211321203211321603221325703200
1103211321103221321603221325703200
110322132903241321503221325703200
12032213260323132203211321503221325703200
130327132503221321403221325703200
4103221325703200
10003200
