1001101001110010010010000110000110110000000000010000110110000000000000000010111001010000000000000111
0000000000000000111100100000000000000000000001100001011010000000000000010100001110000000000000000000
0000000000000001001000000000001000000000001111010111010000010000010000010000011100000000000000000000
0000000000100000000000000000000000000001001010000000001101000000010010000000110100000000000000000000
0000010000000000000000000000000000000000001100001000001010000000001000110110011100010100000011000011
1000000001110000000000001111111111000000001000000000001100000101010000101011010110010100110010101100
1001011100000000000000011000000001000000000000000000001011110000000000000100101011000110110101000110
0111000100000000000000010000000001000000000000000000001110000000000000000000010011010001111000001000
1000101001100000010000011010001001010000100000100000001100010110000000000000000111111110000000000000
1000000011100000000000011001000011000010010010010001011001000100000000000000000111010000100000000000
1000000101100001000000001000100101001000000000000000000111000000000000000010011001000000000000010000
1000001111000000000101001100110001001000000000000000000010100101001001001000010000000001000000000100
1000011010000000000000000111000011000000000000010000000100100000000100000000100000010000000010100111
1000110110001100010010011010001011010101100100010100010100001100011010000100100010000000101111001000
1110100100000100010101100111010001101010001111111100111000001110000000011100110111011110101010000000
1001100100000000000000000001100001110100110001110010110110100000001000000000000001001010011010000010
0011101000001000000000000000100100101100111000000100011000000000001000000001110000011100111000001010
0010001000000000000010000001110000110001100000100000001011000100000001000000001010100010100001000100
0100011010000000000000010000010000001011000100000000000000100000000001011110010000000000001100100000
0100010000000000000001100000010000001111100000000000000010011100000010000000000000000001010100000001
0100010000010000000001100000010000000011110000000000001000000100000000000000000000000000100000000000
0100010000000000000000001001111000010101101110000000001010000010000000000000000000100010000101000000
0100010000000001000000000000100000001100000001010000000001010011100100110011010000000100000100100000
0100010000000000000000000001100100001110000000001101011001000110000000000100000000000000000000000000
0100010000000000000111010001100001001001100000000101111111111100000000011000000000001000001000001000
0100010000000000000011000001000000001000001000010011001000000000000000011000000000000000000000000100
0100011110101010100001000011000000011000100011010101010000001000000000000010010000010000100000000011
0000010000000000010000100101111011001000000000000000000000000000000100000000000001100100000000000000
0000010000000000010000100010101000001000010000000000001000000000000000000000100000000110100100000001
0000010000000000100011000110000000001000000100000000001000000000000000000000000000100000000010001000
0000011000000010000100011010000000001000000000000110001111100000000000000000000010000000000100000100
0000011000000000001111000010000000001000000000000000010010000001000000100001110000100000000000000000
0000010100011010101001111100000000000000000000001000000000000000000000000100100000000001000000000000
0000010100000001000000000100000000001000000000000001000000110110011000010000000000110000000001010000
0000010100010000000000001000000000000000000010000000000001000000100000000010000001000000100000000000
0000011110000000000000011000000000000000100000001000000000000000110001000000100000000000000000000000
0000001000000000000000010000000000001101000000000000000000000000010100001001000000010000010000000000
0000001000000000000000100000000000010000000100000000000000000000000001000000001000000100000100010101
0000001000000000000000100000000010110010110000000000000000000000000000000000000010000100000000100000
0000000100000000000011000010000000110000000000100000010000000100000000000000000001001000000100000000
0000000010000011001101110101000000010000000000000000000000001000000000000000000001000001100000000000
1100100001111010011001010001010000011000000000000000010000000000000010000010000010001110000000000001
0100000101000111101000001001000000010000000000000000000000000000000000000000000110010111010000000000
0000000000000000000110101001001000110000000000100000000000000000000000000000011101011100000010001100
0000000000000000011000010000000000110000110000000000000000000000000000000000011000000000000000000000
0000000000000000110000000110000100010100000000001000000100001000000100001001110000000010000000010000
0000000000000000100000000010000000111100010010010000010000000100001000011000000000000010000000000000
0000000000000000100000000010000000100000000000000000000000000000000000000000000000000000000000100000
0000000000000000110000001000000001100000010000010000000000000000001000000000000000000001000110000100
0000000000000000011111111111111110000000000000010110100000000010000000000000000000000000101110000000
0000000000000000000001000000000000000000000000000001001000100000000000000000000000100001110000000000
0000000000000000010000000000000000000000000000000000001110010000000000000000111100000100000000000000
0000000000000010000000000000000000000000000000000000011010101000000000000000000000000000000010000000
0000000000010000000000000000000000000000000000000000000000111001000000000000000000000000000000000000
0000000000100000000000000000000000000000000000100000010001000100000100000000000000000000000000000000
0000000011000000000000000000000000000010000000000000000000000110000000101010000000000000000000000000
0000000011000000000000000000000000000000000000000000000000000001000000000010000000000000000000000100
0000000000100000000000100000001000000000000000000000000000000001100000000100000000000000000000000000
1101000010000101000000000000000000000000000000000000000000000011101010010000000000000000000001000000
0100000000000000100000000000000000000000000000000000000000101010000110000000000000000000001000000000
0000010000000000000001000000000000000000000000000000000011110010000001010000000000000000000000000000
0000000000100000000000000001000010000000000000000000000001010000001001000101000000001001000000000000
0000000000000000000000000000000000000100000000000000000000000100100000011000101010100000000000000000
0000000000000000101110110000000000000000110000000000000000000000001010110000000000000000000000000000
0000000000000000000000100110010010110010110000000000000000000000000000000000000000000000000000000000
0000000000000000000000000000100001000100100000000000000000000000000000000000000000000000000000000000
0000000000000000000000000000000000000000000000000000000000000000000000000000000000000000000000000000
0000000000000000000000000000000000000000000000000000000000000000000000000000000000000000000000000000
0000000000000000000000000000000000000000000000000000000000000000000000000000000000000000000000000000
0000000000000000000000000000000000000000000000000000000000000000000000000000000000000000000000000000
0000000000000000000000000000000000000000000000000000000000000000000000000000000000000000000000000000
0000000000000000000000000000000000000000000000000000000000000000000000000000000000000000000000000000
0000000000000000000000000000000000000000000000000000000000000000000000000000000000000000000000000000
0000000000000000000000000000000000000000000000000000000000000000000000000000000000000000000000000000
0000000000000000000000000000000000000000000000000000000000000000000000000000000000000000000000000000
0000000000000000000000000000000000000000000000000000000000000000000000000000000000000000000000000000
0000000000000000000000000000000000000000000000000000000000000000000000000000000000000000000000000000
0000000000000000000000000000000000000000000000000000000000000000000000000000000000000000000000000000
0000000000000000000000000000000000000000000000000000000000000000000000000000000000000000000000000000
0000000000000000000000000000000000000000000000000000000000000000000000000000000000000000000000000000
0000000000000000000000000000000000000000000000000000000000000000000000000000000000000000000000000000
0000000000000000000000000000000000000000000000000000000000000000000000000000000000000000000000000000
0000000000000000000000000000000000000000000000000000000000000000000000000000000000000000000000000000
0000000000000000000000000000000000000000000000000000000000000000000000000000000000000000000000000000
0000000000000000000000000000000000000000000000000000000000000000000000000000000000000000000000000000
0000000000000000000000000000000000000000000000000000000000000000000000000000000000000000000000000000
0000000000000000000000000000000000000000000000000000000000000000000000000000000000000000000000000000
0000000000000000000000000000000000000000000000000000000000000000000000000000000000000000000000000000
0000000000000000000000000000000000000000000000000000000000000000000000000000000000000000000000000000
0000000000000000000000000000000000000000000000000000000000000000000000000000000000000000000000000000
0000000000000000000000000000000000000000000000000000000000000000000000000000000000000000000000000000
0000000000000000000000000000000000000000000000000000000000000000000000000000000000000000000000000000
0000000000000000000000000000000000000000000000000000000000000000000000000000000000000000000000000000
0000000000000000000000000000000000000000000000000000000000000000000000000000000000000000000000000000
0000000000000000000000000000000000000000000000000000000000000000000000000000000000000000000000000000
0000000000000000000000000000000000000000000000000000000000000000000000000000000000000000000000000000
0000000000000000000000000000000000000000000000000000000000000000000000000000000000000000000000000000
0000000000000000000000000000000000000000000000000000000000000000000000000000000000000000000000000000
0000000000000000000000000000000000000000000000000000000000000000000000000000000000000000000000000000
0000000000000000000000000000000000000000000000000000000000000000000000000000000000000000000000000000
