0132303221321032113220323132203211322032113220321132403221324032213210322132110321132403221321032213217032113210323132203211321032113213032313200
1603241322032113222032213240321132103221321032113214032113210321132403231321903200
15032113220321132110321132110324132103211321032313210321132503211325032113250321132503231322003200
10032113228032113220321132103211329032213210321132703211322032113270322132103211322003200
50321132360322132403211325032113210321132903211323032213210322132203231323032113210321132603221324032213200
0132903231321203210132803211321103221325032113210321132103211324032113210321132103221321032113210322132203211321032113220322132203211321032113210322132203200
0132303211321032313215032213280321132200321132103241321303211322032113210321132103221323032213210322132103211321032113230322132
00324132303211321503211329032113220032313220032113220322132103211323032413250321132303200
013240321132103211322032213260321132503221321032113230321132203211321032113240321132503211327032213230321132103221321603281321303200
0132803231321203221322032113240322132403211322032113220321132203211323032113210322132203211323032113217032313210321132403211321103200
013270321132103221324032113280321132303211322032113210321132203211321803231321603211322032213220321132130321132403200
013260324132903211321032113220322132203221323032113220321132190321132103211322032113210321132203211322032113220321132403211329032113290321132203200
0132503221321032113216032313240322132130321132703211322032113280321132803211326032113280321132103211322032313200
01324032213210322132303221323032113220321132203221321032113230321132103221321032113210321132103221322032113230321132103211323032113210321132403221323032213210321132403211322032113230321132703211321032413220321132303200
3132103211322032113250321132303211321032113210322132203231321032113230322132103211321032113230328132203231325032313280323132203221321032313210324132103211321032113210321132703200
013230322132203211321903221324032313210321132203221323032313220321132103221321032213210321132703211321403211322032113210321132203221321032113250321132
2032313210321132503211321503211322032113220321132103221322032313260321132303221321103211328032313250323132203231325032113210321132
2032113230321132130321132603231324032213230322132503211327032113210322132303211327032113280321132103211321032113230321132103211324032113230321132203200
00322132303221321032113214032113250321132603211321032213230321132140321132100321132103241322032113212032213220321132503200
00322132303211321503221326032113260325132150321132203231326032113218032113210321132103211327032
003221323032113250321132903221326032113280324132120321132603211322603211321103200
00322132303211321803211322032413240321132103211321032213210323132903211321032113250321132190321132303211324032113210321132603200
00322132303211329032113212032113270322132703211321032113290321132103211322032313220321132203221322032213210321132703211325032113220321132503200
0032213230321132210322132203211324032313290322132103211321032213220321132303221321003211322603200
0032213230321132130323132103211323032213240321132203211322032213280321132103211132903221321103211325032113250321132303200
0032213230321132140322132503211328032113250321132403211322032213220321132160322132240321132203200
003221323032413210321132103211321032113210321132403211324032213270322132303211323032213210321132103211321032113210321132603211321303211322032113250321132403211329032213200
503211321103211324032113220321132103241321032213220321132300321132130322132203211321403200
503211321103211324032113230321132103211321032113250321132403211321203211322103211328032213210321132203211327032
50321132100321132303221323032213290321132603211321003211322703211329032113230321132303200
5032213270321132403211323032213210321132903211321203221323032513221032113210032113250321132203200
50322132110324132403211329032113216032113220321132603211326032113240323132403211321703200
50321132103211323032213210321132103211321032113220325132220321132240321132203211321003211321203200
50321132103211327032113290321132100321132140321132603221321032213220322132403211321003221329032113210321132403200
503211321032113230321132120321132190321132120321132603211329032113260321132603211321103200
503241321403221321503211327032113215032213230321132603211322303200
603211321603211321203221321032113225032113210321132403211322032113270321132503211321003200
603211321503211321203211327032113225032113280321132603211325032113230321132103211321032
60321132150321132903211321032213220321132103221323803211324032113280321132503200
70321132120322132403211327032213210032113260321132703211321903211322032113260321132803200
80321132503221322032213210323132103211321032113270321132240321132200321132503221321103200
213220321132403241321032113220322132203211321032113230321132103211325032213216032113214032113250321132503211323032313212032
00322132503211321032113230324132103211325032113220321132703211324303221322032113210323132103211321003200
190322132103211321032113220321132203211323032213210032113230032313210321132103231326032113230322132203200
17032213240321132100322132403221323503221322103200
1603221327032213240321132303211321032113210032113260321132403211326032113240321132203231328032113280321132403200
1603211329032113270324132303211322032113220321132503211327032113240321132403221321303211321303200
1603211329032113270321132590321132503200
160322132603211328032213260321132503211321803211322003211323032213240321132203200
170321613214032113210322132103211329032113225032113210323132703200
2103211322903211322032113230321132230321132403231321003200
17032113236032313220321132160324132503211321403200
140321132380322132103211321032113210321132310321132703200
110321132460323132203211323603200
100321132350321132603211323032113230321132503211323203200
803221322803211322203221327032113210321132103211322503200
80322132530321132100321132220321132203200
10032113211032113270321132320322132803211322603200
213210321132403211324032113210321132460323132103211321032113220321132210321132603200
00322132140321132410321132103211321032113240322132210321132903200
503211321503211323403241322032113260321132103211322803200
10032113216032113240321132240321132103211326032113220321132303211321032113280321132203211321203200
3703211322303211322032113260322132303211321032113210321132103211321703200
160321132103231321032213216032213224032113210321132103221322803200
2203211322032213220321132203211321032213220321132103221325803200
2803211324032113230321132203211325903200
10003200
10003200
10003200
10003200
10003200
10003200
10003200
10003200
10003200
10003200
10003200
10003200
10003200
10003200
10003200
10003200
10003200
10003200
10003200
10003200
10003200
10003200
10003200
10003200
10003200
10003200
10003200
10003200
10003200
10003200
10003200
10003200
10003200
10003200
